High noise detected! X stddev: 0.082 | Y stddev: 0.144
High noise detected! X stddev: 0.080 | Y stddev: 0.145
High noise detected! X stddev: 0.081 | Y stddev: 0.144
High noise detected! X stddev: 0.080 | Y stddev: 0.145
High noise detected! X stddev: 0.081 | Y stddev: 0.145
High noise detected! X stddev: 0.080 | Y stddev: 0.147
High noise detected! X stddev: 0.082 | Y stddev: 0.144
High noise detected! X stddev: 0.079 | Y stddev: 0.145
High noise detected! X stddev: 0.082 | Y stddev: 0.144
High noise detected! X stddev: 0.080 | Y stddev: 0.145
High noise detected! X stddev: 0.082 | Y stddev: 0.144
High noise detected! X stddev: 0.079 | Y stddev: 0.146
High noise detected! X stddev: 0.081 | Y stddev: 0.144
High noise detected! X stddev: 0.080 | Y stddev: 0.147
High noise detected! X stddev: 0.082 | Y stddev: 0.144
High noise detected! X stddev: 0.079 | Y stddev: 0.145
High noise detected! X stddev: 0.082 | Y stddev: 0.143
High noise detected! X stddev: 0.080 | Y stddev: 0.146
High noise detected! X stddev: 0.081 | Y stddev: 0.145
High noise detected! X stddev: 0.079 | Y stddev: 0.146
High noise detected! X stddev: 0.082 | Y stddev: 0.144
High noise detected! X stddev: 0.080 | Y stddev: 0.146
High noise detected! X stddev: 0.084 | Y stddev: 0.144
High noise detected! X stddev: 0.079 | Y stddev: 0.146
High noise detected! X stddev: 0.082 | Y stddev: 0.144
High noise detected! X stddev: 0.080 | Y stddev: 0.146
High noise detected! X stddev: 0.082 | Y stddev: 0.144
High noise detected! X stddev: 0.080 | Y stddev: 0.143
High noise detected! X stddev: 0.082 | Y stddev: 0.144
High noise detected! X stddev: 0.079 | Y stddev: 0.146
High noise detected! X stddev: 0.082 | Y stddev: 0.144
High noise detected! X stddev: 0.079 | Y stddev: 0.146
High noise detected! X stddev: 0.082 | Y stddev: 0.144
High noise detected! X stddev: 0.079 | Y stddev: 0.145
High noise detected! X stddev: 0.082 | Y stddev: 0.144
High noise detected! X stddev: 0.080 | Y stddev: 0.146
High noise detected! X stddev: 0.081 | Y stddev: 0.144
High noise detected! X stddev: 0.079 | Y stddev: 0.145
High noise detected! X stddev: 0.082 | Y stddev: 0.145
High noise detected! X stddev: 0.079 | Y stddev: 0.146
High noise detected! X stddev: 0.081 | Y stddev: 0.144
High noise detected! X stddev: 0.080 | Y stddev: 0.146
High noise detected! X stddev: 0.083 | Y stddev: 0.144
High noise detected! X stddev: 0.080 | Y stddev: 0.147
High noise detected! X stddev: 0.082 | Y stddev: 0.144
High noise detected! X stddev: 0.080 | Y stddev: 0.146
High noise detected! X stddev: 0.082 | Y stddev: 0.144
High noise detected! X stddev: 0.079 | Y stddev: 0.146
High noise detected! X stddev: 0.083 | Y stddev: 0.144
High noise detected! X stddev: 0.080 | Y stddev: 0.145
High noise detected! X stddev: 0.083 | Y stddev: 0.143
High noise detected! X stddev: 0.079 | Y stddev: 0.146
High noise detected! X stddev: 0.082 | Y stddev: 0.144
High noise detected! X stddev: 0.079 | Y stddev: 0.146
High noise detected! X stddev: 0.269 | Y stddev: 0.070
Raw X readings: 2.329 2.320 2.319 2.319 2.319 2.320 2.318 2.314 2.316 2.317 2.314 2.315 2.318 2.314 2.314 2.314 2.310  || Raw Y readings: 0.911 0.910 0.904 0.907 0.907 0.908 0.911 0.910 0.911 0.911 0.910 0.911 0.911 0.911 0.911 0.912 0.914 
Raw X readings: 2.313 2.308 2.309 2.308 2.309 2.309 2.306 2.303 2.306 2.305 2.286 2.302 2.306 2.307 2.302 2.299 2.286  || Raw Y readings: 0.874 0.883 0.882 0.881 0.878 0.876 0.881 0.878 0.882 0.879 0.878 0.875 0.880 0.878 0.878 0.878 0.876 
Raw X readings: 2.248 2.250 2.251 2.251 2.248 2.249 2.249 2.248 2.248 2.247 2.256 2.250 2.248 2.235 2.249 2.248 2.251  || Raw Y readings: 0.868 0.861 0.866 0.860 0.866 0.865 0.865 0.864 0.864 0.878 0.865 0.865 0.864 0.865 0.865 0.865 0.878 
Raw X readings: 2.245 2.244 2.248 2.248 2.247 2.245 2.247 2.244 2.267 2.245 2.242 2.244 2.245 2.247 2.246 2.239 2.245  || Raw Y readings: 0.863 0.864 0.862 0.864 0.862 0.865 0.864 0.865 0.864 0.867 0.863 0.870 0.864 0.864 0.868 0.857 0.863 
Raw X readings: 2.246 2.243 2.248 2.245 2.247 2.233 2.244 2.245 2.244 2.246 2.247 2.245 2.244 2.232 2.246 2.245 2.246  || Raw Y readings: 0.865 0.865 0.881 0.864 0.861 0.872 0.868 0.867 0.868 0.865 0.865 0.865 0.862 0.865 0.865 0.866 0.867 
Raw X readings: 2.301 2.303 2.304 2.306 2.310 2.310 2.316 2.317 2.315 2.314 2.312 2.312 2.312 2.314 2.310 2.314 2.310  || Raw Y readings: 0.940 0.956 0.947 0.961 0.962 0.978 0.968 0.975 0.990 0.969 0.968 0.977 0.978 0.993 1.005 0.995 1.019 
High noise detected! X stddev: 0.078 | Y stddev: 0.145
High noise detected! X stddev: 0.083 | Y stddev: 0.145
Raw X readings: 2.326 2.318 2.316 2.318 2.316 2.314 2.306 2.312 2.312 2.306 2.302 2.302 2.298 2.295 2.293 2.291 2.285  || Raw Y readings: 0.874 0.873 0.873 0.874 0.873 0.874 0.870 0.870 0.875 0.869 0.868 0.877 0.870 0.871 0.864 0.870 0.869 
Raw X readings: 2.229 2.231 2.230 2.229 2.232 2.231 2.231 2.231 2.230 2.230 2.231 2.231 2.231 2.231 2.232 2.231 2.231  || Raw Y readings: 0.867 0.872 0.874 0.873 0.878 0.873 0.865 0.872 0.871 0.874 0.874 0.872 0.872 0.874 0.875 0.872 0.877 
Raw X readings: 2.227 2.222 2.227 2.223 2.227 2.229 2.228 2.231 2.228 2.227 2.227 2.228 2.228 2.227 2.228 2.231 2.227  || Raw Y readings: 0.878 0.883 0.876 0.880 0.880 0.876 0.875 0.875 0.874 0.881 0.875 0.882 0.878 0.881 0.879 0.882 0.881 
Raw X readings: 2.224 2.223 2.220 2.225 2.228 2.225 2.225 2.225 2.223 2.223 2.225 2.223 2.223 2.225 2.224 2.224 2.225  || Raw Y readings: 0.889 0.894 0.886 0.891 0.897 0.891 0.891 0.891 0.892 0.892 0.887 0.891 0.893 0.892 0.893 0.890 0.915 
Raw X readings: 2.231 2.225 2.219 2.219 2.226 2.223 2.224 2.221 2.221 2.209 2.222 2.222 2.220 2.220 2.223 2.222 2.223  || Raw Y readings: 0.890 0.894 0.896 0.895 0.895 0.896 0.889 0.897 0.898 0.900 0.898 0.897 0.891 0.896 0.898 0.897 0.901 
Raw X readings: 2.219 2.217 2.224 2.225 2.219 2.211 2.217 2.217 2.223 2.215 2.219 2.216 2.216 2.215 2.217 2.220 2.215  || Raw Y readings: 0.904 0.903 0.905 0.909 0.923 0.907 0.906 0.903 0.907 0.903 0.904 0.907 0.907 0.902 0.904 0.905 0.907 
Raw X readings: 2.215 2.208 2.210 2.213 2.211 2.210 2.215 2.210 2.206 2.206 2.210 2.209 2.209 2.210 2.209 2.209 2.208  || Raw Y readings: 0.916 0.913 0.919 0.917 0.915 0.914 0.915 0.913 0.903 0.908 0.914 0.942 0.911 0.915 0.933 0.917 0.917 
Raw X readings: 2.203 2.207 2.205 2.206 2.210 2.181 2.201 2.206 2.222 2.204 2.206 2.204 2.206 2.206 2.205 2.201 2.206  || Raw Y readings: 0.922 0.920 0.920 0.921 0.921 0.924 0.924 0.923 0.915 0.919 0.920 0.924 0.925 0.922 0.928 0.921 0.920 
Raw X readings: 2.201 2.201 2.202 2.202 2.203 2.201 2.199 2.199 2.197 2.201 2.202 2.200 2.201 2.201 2.190 2.200 2.202  || Raw Y readings: 0.930 0.915 0.931 0.931 0.933 0.932 0.932 0.936 0.930 0.926 0.931 0.939 0.933 0.931 0.928 0.930 0.932 
Raw X readings: 2.192 2.190 2.193 2.194 2.180 2.193 2.194 2.194 2.194 2.193 2.185 2.193 2.196 2.194 2.181 2.194 2.194  || Raw Y readings: 0.942 0.948 0.946 0.942 0.946 0.948 0.944 0.949 0.949 0.943 0.945 0.947 0.950 0.946 0.950 0.947 0.948 
Raw X readings: 2.189 2.187 2.189 2.189 2.186 2.189 2.188 2.187 2.189 2.188 2.185 2.185 2.186 2.189 2.196 2.188 2.188  || Raw Y readings: 0.955 0.951 0.955 0.955 0.953 0.943 0.954 0.953 0.953 0.952 0.954 0.952 0.951 0.928 0.953 0.953 0.954 
Raw X readings: 2.185 2.178 2.182 2.185 2.185 2.185 2.180 2.182 2.185 2.183 2.164 2.181 2.183 2.182 2.187 2.184 2.185  || Raw Y readings: 0.971 0.967 0.964 0.965 0.963 0.967 0.965 0.965 0.965 0.961 0.954 0.964 0.963 0.958 0.962 0.965 0.978 
Raw X readings: 2.174 2.175 2.161 2.176 2.174 2.177 2.177 2.176 2.176 2.175 2.177 2.202 2.164 2.176 2.173 2.178 2.174  || Raw Y readings: 0.977 0.972 0.976 0.978 0.977 0.980 0.979 0.977 0.978 0.977 0.978 0.973 0.974 0.975 0.977 0.979 0.975 
Raw X readings: 2.167 2.165 2.165 2.162 2.165 2.162 2.169 2.165 2.165 2.165 2.165 2.164 2.173 2.164 2.163 2.171 2.169  || Raw Y readings: 0.985 0.984 0.975 0.981 0.982 0.982 0.983 0.979 0.982 0.982 0.984 0.982 0.988 0.987 0.983 0.983 0.986 
Raw X readings: 2.156 2.158 2.159 2.158 2.161 2.158 2.161 2.159 2.161 2.161 2.156 2.165 2.157 2.158 2.142 2.156 2.158  || Raw Y readings: 0.993 0.991 0.994 0.994 0.992 0.991 0.992 0.990 0.993 0.993 0.990 0.990 0.991 0.990 0.994 0.993 0.994 
Raw X readings: 2.148 2.147 2.148 2.142 2.150 2.150 2.155 2.148 2.148 2.148 2.151 2.148 2.150 2.148 2.150 2.152 2.153  || Raw Y readings: 1.016 1.015 1.022 1.016 1.017 1.019 1.023 1.018 1.014 1.014 1.015 1.019 1.008 1.012 1.011 1.010 1.013 
Raw X readings: 2.132 2.138 2.141 2.141 2.140 2.140 2.133 2.138 2.150 2.141 2.139 2.139 2.138 2.139 2.132 2.138 2.137  || Raw Y readings: 1.011 1.011 1.011 1.012 1.015 1.012 1.015 1.011 1.013 1.010 1.014 1.010 1.011 1.015 1.012 1.015 1.014 
Raw X readings: 2.131 2.129 2.132 2.132 2.135 2.132 2.131 2.131 2.129 2.132 2.127 2.132 2.130 2.125 2.135 2.130 2.132  || Raw Y readings: 1.011 1.027 1.024 1.027 1.026 1.026 1.014 1.023 1.024 1.007 1.024 1.023 1.024 1.024 1.025 1.027 1.029 
Raw X readings: 2.316 2.299 2.323 2.330 2.294 2.285 2.258 2.245 2.247 2.245 2.240 2.235 2.235 2.225 2.226 2.210 2.206  || Raw Y readings: 1.054 1.043 1.051 1.052 1.053 1.049 1.049 1.047 1.049 1.049 1.052 1.049 1.051 1.052 1.056 1.053 1.050 
Raw X readings: 2.111 2.109 2.108 2.110 2.111 2.083 2.112 2.110 2.108 2.112 2.109 2.108 2.106 2.110 2.111 2.117 2.110  || Raw Y readings: 1.054 1.056 1.053 1.052 1.058 1.055 1.053 1.058 1.056 1.052 1.057 1.046 1.054 1.057 1.048 1.059 1.056 
Raw X readings: 2.098 2.094 2.100 2.100 2.100 2.104 2.101 2.099 2.100 2.098 2.100 2.098 2.099 2.098 2.107 2.099 2.098  || Raw Y readings: 1.060 1.068 1.059 1.060 1.061 1.060 1.062 1.056 1.061 1.061 1.066 1.065 1.066 1.066 1.075 1.077 1.079 
Raw X readings: 2.089 2.090 2.084 2.087 2.086 2.087 2.087 2.084 2.085 2.076 2.089 2.084 2.084 2.082 2.085 2.090 2.086  || Raw Y readings: 1.078 1.081 1.078 1.076 1.079 1.082 1.079 1.078 1.079 1.079 1.078 1.082 1.079 1.078 1.079 1.079 1.081 
Raw X readings: 2.077 2.077 2.074 2.076 2.073 2.078 2.076 2.076 2.102 2.074 2.075 2.092 2.075 2.065 2.073 2.073 2.075  || Raw Y readings: 1.086 1.089 1.091 1.094 1.091 1.098 1.090 1.089 1.089 1.092 1.091 1.091 1.109 1.090 1.091 1.092 1.090 
High noise detected! X stddev: 0.213 | Y stddev: 0.005
Raw X readings: 2.065 2.062 2.061 2.065 2.060 2.060 2.061 2.062 2.057 2.061 2.059 2.060 2.065 2.061 2.057 2.057 2.059  || Raw Y readings: 1.110 1.098 1.110 1.110 1.099 1.107 1.110 1.110 1.106 1.110 1.091 1.112 1.110 1.115 1.111 1.110 1.109 
Raw X readings: 2.048 2.049 2.051 2.049 2.048 2.064 2.048 2.049 2.049 2.057 2.048 2.048 2.048 2.048 2.049 2.049 2.046  || Raw Y readings: 1.120 1.117 1.119 1.119 1.122 1.122 1.119 1.117 1.120 1.119 1.123 1.122 1.119 1.124 1.122 1.121 1.148 
Raw X readings: 2.041 2.040 2.044 2.041 2.036 2.036 2.041 2.038 2.037 2.037 2.035 2.036 2.036 2.037 2.041 2.039 2.037  || Raw Y readings: 1.138 1.135 1.138 1.134 1.135 1.137 1.142 1.137 1.136 1.136 1.133 1.133 1.138 1.133 1.142 1.138 1.152 
Raw X readings: 2.017 2.017 2.019 2.020 2.015 2.019 2.019 2.017 2.019 2.018 2.007 2.016 2.017 2.018 2.017 2.016 2.003  || Raw Y readings: 1.151 1.147 1.144 1.148 1.146 1.146 1.152 1.148 1.146 1.148 1.151 1.148 1.144 1.151 1.152 1.156 1.152 
Raw X readings: 2.013 2.017 2.011 2.013 2.011 2.007 2.008 2.007 2.009 1.999 2.009 2.007 2.007 2.007 2.007 2.001 2.006  || Raw Y readings: 1.168 1.166 1.166 1.165 1.176 1.163 1.168 1.166 1.163 1.165 1.173 1.166 1.164 1.156 1.171 1.168 1.168 
Raw X readings: 1.999 1.993 2.000 2.001 1.995 1.997 1.993 1.995 1.992 1.996 1.993 1.995 1.991 1.993 1.994 1.994 1.995  || Raw Y readings: 1.174 1.177 1.176 1.179 1.176 1.178 1.179 1.176 1.177 1.178 1.178 1.180 1.185 1.182 1.181 1.184 1.181 
Raw X readings: 1.982 1.977 1.976 1.981 1.974 1.976 1.975 1.970 1.975 1.974 1.975 1.974 1.982 1.973 1.974 1.973 1.974  || Raw Y readings: 1.194 1.198 1.193 1.195 1.197 1.195 1.195 1.196 1.198 1.198 1.198 1.204 1.197 1.197 1.189 1.202 1.196 
Raw X readings: 1.961 1.962 1.963 1.961 1.965 1.954 1.959 1.959 1.961 1.954 1.961 1.957 1.962 1.965 1.957 1.959 1.958  || Raw Y readings: 1.205 1.207 1.206 1.206 1.202 1.205 1.224 1.207 1.209 1.214 1.209 1.210 1.211 1.211 1.206 1.210 1.210 
Raw X readings: 1.948 1.946 1.956 1.948 1.949 1.949 1.948 1.949 1.949 1.947 1.945 1.941 1.946 1.943 1.940 1.946 1.944  || Raw Y readings: 1.222 1.229 1.222 1.222 1.225 1.221 1.220 1.219 1.220 1.219 1.230 1.224 1.225 1.222 1.221 1.221 1.224 
Raw X readings: 1.935 1.932 1.933 1.932 1.932 1.930 1.912 1.928 1.931 1.928 1.935 1.930 1.928 1.925 1.929 1.925 1.921  || Raw Y readings: 1.247 1.242 1.243 1.243 1.243 1.242 1.247 1.244 1.242 1.243 1.244 1.243 1.249 1.243 1.243 1.249 1.248 
Raw X readings: 1.909 1.913 1.917 1.907 1.908 1.917 1.907 1.909 1.907 1.910 1.910 1.907 1.910 1.907 1.910 1.918 1.912  || Raw Y readings: 1.256 1.256 1.258 1.257 1.255 1.261 1.252 1.254 1.256 1.256 1.256 1.255 1.255 1.259 1.255 1.256 1.253 
Raw X readings: 1.897 1.887 1.893 1.894 1.894 1.895 1.895 1.900 1.897 1.899 1.889 1.899 1.899 1.897 1.892 1.895 1.895  || Raw Y readings: 1.260 1.267 1.267 1.268 1.267 1.269 1.271 1.268 1.271 1.269 1.271 1.271 1.272 1.269 1.269 1.273 1.272 
High noise detected! X stddev: 0.176 | Y stddev: 0.357
Raw X readings: 1.867 1.868 1.866 1.865 1.865 1.865 1.865 1.865 1.865 1.862 1.864 1.865 1.864 1.862 1.867 1.862 1.865  || Raw Y readings: 1.299 1.286 1.303 1.297 1.299 1.297 1.296 1.294 1.296 1.296 1.301 1.296 1.294 1.296 1.297 1.296 1.311 
Raw X readings: 1.847 1.845 1.847 1.851 1.849 1.849 1.852 1.850 1.846 1.841 1.849 1.848 1.849 1.847 1.852 1.850 1.853  || Raw Y readings: 1.319 1.320 1.319 1.318 1.318 1.322 1.321 1.322 1.322 1.317 1.320 1.319 1.321 1.330 1.319 1.320 1.337 
Raw X readings: 1.832 1.832 1.830 1.832 1.830 1.832 1.833 1.830 1.830 1.830 1.829 1.828 1.828 1.830 1.832 1.850 1.828  || Raw Y readings: 1.326 1.328 1.318 1.325 1.326 1.326 1.327 1.322 1.325 1.325 1.324 1.327 1.324 1.322 1.330 1.326 1.330 
Raw X readings: 1.808 1.808 1.808 1.809 1.808 1.808 1.805 1.798 1.810 1.803 1.808 1.814 1.804 1.804 1.811 1.807 1.806  || Raw Y readings: 1.366 1.350 1.351 1.351 1.352 1.351 1.351 1.351 1.349 1.349 1.354 1.356 1.350 1.346 1.350 1.355 1.347 
Raw X readings: 1.791 1.791 1.811 1.791 1.790 1.779 1.786 1.785 1.787 1.787 1.788 1.788 1.788 1.792 1.794 1.794 1.792  || Raw Y readings: 1.377 1.378 1.377 1.377 1.374 1.376 1.372 1.398 1.371 1.371 1.369 1.369 1.368 1.368 1.370 1.370 1.362 
Raw X readings: 1.768 1.770 1.761 1.769 1.769 1.771 1.766 1.771 1.770 1.770 1.739 1.770 1.770 1.769 1.770 1.769 1.771  || Raw Y readings: 1.380 1.381 1.383 1.384 1.383 1.384 1.383 1.380 1.379 1.381 1.380 1.381 1.380 1.384 1.381 1.378 1.381 
Raw X readings: 1.745 1.744 1.742 1.744 1.745 1.742 1.745 1.745 1.743 1.744 1.745 1.742 1.743 1.739 1.744 1.743 1.747  || Raw Y readings: 1.408 1.406 1.405 1.405 1.409 1.405 1.405 1.400 1.409 1.405 1.406 1.407 1.408 1.409 1.406 1.405 1.403 
High noise detected! X stddev: 0.105 | Y stddev: 0.433
Raw X readings: 1.725 1.724 1.719 1.717 1.720 1.727 1.722 1.723 1.728 1.721 1.717 1.717 1.718 1.716 1.707 1.711 1.712  || Raw Y readings: 1.433 1.434 1.433 1.445 1.438 1.435 1.434 1.430 1.434 1.435 1.436 1.437 1.438 1.450 1.440 1.443 1.449 
Raw X readings: 1.707 1.703 1.706 1.707 1.713 1.712 1.707 1.710 1.708 1.707 1.703 1.707 1.709 1.711 1.712 1.715 1.706  || Raw Y readings: 1.459 1.453 1.451 1.452 1.457 1.450 1.455 1.454 1.453 1.456 1.451 1.456 1.456 1.459 1.451 1.462 1.459 
Raw X readings: 1.685 1.683 1.682 1.683 1.683 1.685 1.684 1.684 1.682 1.679 1.679 1.679 1.679 1.676 1.679 1.674 1.676  || Raw Y readings: 1.455 1.455 1.457 1.457 1.463 1.459 1.460 1.472 1.466 1.465 1.461 1.460 1.461 1.472 1.465 1.467 1.466 
Raw X readings: 1.640 1.644 1.643 1.647 1.644 1.644 1.641 1.642 1.643 1.642 1.639 1.643 1.644 1.638 1.640 1.642 1.643  || Raw Y readings: 1.484 1.482 1.481 1.483 1.482 1.483 1.480 1.485 1.488 1.484 1.482 1.484 1.478 1.480 1.481 1.487 1.486 
Raw X readings: 1.629 1.633 1.633 1.638 1.631 1.634 1.629 1.629 1.633 1.627 1.631 1.627 1.627 1.623 1.630 1.627 1.629  || Raw Y readings: 1.505 1.508 1.506 1.504 1.501 1.501 1.503 1.505 1.505 1.509 1.507 1.505 1.508 1.509 1.501 1.507 1.504 
Raw X readings: 1.607 1.612 1.612 1.613 1.612 1.613 1.616 1.617 1.622 1.612 1.612 1.608 1.607 1.610 1.613 1.611 1.625  || Raw Y readings: 1.589 1.621 1.639 1.630 1.617 1.622 1.625 1.625 1.633 1.652 1.596 1.596 1.620 1.574 1.565 1.586 1.589 
High noise detected! X stddev: 0.392 | Y stddev: 0.397
Raw X readings: 1.559 1.563 1.561 1.570 1.561 1.560 1.567 1.571 1.563 1.585 1.559 1.561 1.559 1.560 1.562 1.559 1.566  || Raw Y readings: 1.551 1.555 1.556 1.555 1.552 1.552 1.557 1.551 1.551 1.558 1.555 1.549 1.554 1.552 1.550 1.553 1.555 
Raw X readings: 1.542 1.545 1.537 1.544 1.545 1.544 1.542 1.538 1.539 1.542 1.537 1.537 1.538 1.539 1.538 1.538 1.538  || Raw Y readings: 1.566 1.566 1.567 1.568 1.567 1.571 1.566 1.571 1.569 1.569 1.566 1.566 1.567 1.563 1.568 1.569 1.571 
Raw X readings: 1.521 1.519 1.522 1.520 1.515 1.521 1.527 1.525 1.522 1.520 1.520 1.521 1.520 1.525 1.519 1.522 1.514  || Raw Y readings: 1.590 1.586 1.588 1.588 1.588 1.593 1.588 1.594 1.588 1.588 1.591 1.590 1.594 1.587 1.590 1.595 1.590 
Raw X readings: 1.483 1.491 1.485 1.483 1.482 1.484 1.484 1.488 1.487 1.490 1.488 1.484 1.487 1.491 1.484 1.484 1.477  || Raw Y readings: 1.621 1.619 1.620 1.622 1.621 1.620 1.621 1.614 1.615 1.621 1.610 1.617 1.621 1.618 1.616 1.621 1.615 
Raw X readings: 1.465 1.464 1.464 1.466 1.463 1.455 1.462 1.459 1.459 1.465 1.464 1.462 1.461 1.466 1.463 1.458 1.460  || Raw Y readings: 1.634 1.629 1.631 1.628 1.636 1.629 1.628 1.637 1.633 1.634 1.639 1.634 1.624 1.631 1.633 1.634 1.633 
Raw X readings: 1.442 1.438 1.442 1.438 1.446 1.439 1.437 1.440 1.445 1.438 1.441 1.439 1.437 1.438 1.438 1.436 1.434  || Raw Y readings: 1.653 1.648 1.646 1.645 1.649 1.647 1.646 1.649 1.651 1.646 1.650 1.651 1.652 1.649 1.651 1.648 1.650 
Raw X readings: 1.403 1.403 1.399 1.405 1.400 1.401 1.395 1.397 1.401 1.401 1.402 1.398 1.399 1.397 1.400 1.400 1.396  || Raw Y readings: 1.663 1.671 1.683 1.672 1.672 1.672 1.674 1.672 1.674 1.673 1.672 1.675 1.681 1.670 1.678 1.681 1.678 
Raw X readings: 1.379 1.380 1.376 1.375 1.380 1.378 1.379 1.378 1.376 1.381 1.372 1.372 1.372 1.372 1.372 1.369 1.372  || Raw Y readings: 1.694 1.692 1.704 1.692 1.695 1.693 1.692 1.696 1.699 1.700 1.700 1.699 1.700 1.699 1.703 1.692 1.692 
Raw X readings: 1.340 1.349 1.347 1.347 1.347 1.346 1.346 1.346 1.346 1.343 1.345 1.347 1.345 1.354 1.343 1.345 1.347  || Raw Y readings: 1.711 1.713 1.712 1.712 1.711 1.709 1.707 1.709 1.711 1.713 1.709 1.712 1.711 1.707 1.712 1.711 1.712 
Raw X readings: 1.318 1.288 1.312 1.312 1.319 1.317 1.318 1.309 1.315 1.315 1.315 1.318 1.316 1.310 1.312 1.311 1.314  || Raw Y readings: 1.743 1.746 1.745 1.746 1.746 1.745 1.743 1.753 1.745 1.742 1.742 1.745 1.743 1.743 1.741 1.742 1.746 
Raw X readings: 1.297 1.297 1.295 1.290 1.291 1.288 1.288 1.285 1.285 1.286 1.287 1.282 1.285 1.288 1.282 1.285 1.282  || Raw Y readings: 1.754 1.752 1.756 1.746 1.758 1.758 1.761 1.760 1.762 1.761 1.761 1.759 1.753 1.754 1.758 1.757 1.757 
Raw X readings: 1.258 1.258 1.255 1.256 1.252 1.256 1.247 1.255 1.254 1.249 1.253 1.250 1.247 1.250 1.249 1.250 1.254  || Raw Y readings: 1.776 1.777 1.776 1.783 1.782 1.786 1.782 1.781 1.783 1.779 1.781 1.781 1.785 1.780 1.783 1.781 1.781 
Raw X readings: 1.217 1.216 1.215 1.210 1.203 1.208 1.209 1.210 1.210 1.222 1.216 1.214 1.193 1.211 1.210 1.210 1.211  || Raw Y readings: 1.809 1.813 1.812 1.811 1.808 1.806 1.803 1.811 1.810 1.815 1.812 1.813 1.818 1.813 1.814 1.821 1.816 
Raw X readings: 1.193 1.185 1.185 1.197 1.198 1.200 1.201 1.212 1.218 1.202 1.204 1.177 1.188 1.188 1.188 1.185 1.181  || Raw Y readings: 1.826 1.827 1.828 1.827 1.826 1.829 1.830 1.830 1.828 1.829 1.833 1.836 1.834 1.836 1.833 1.829 1.824 
High noise detected! X stddev: 0.583 | Y stddev: 0.003
Raw X readings: 1.146 1.140 1.139 1.140 1.138 1.137 1.136 1.136 1.138 1.140 1.144 1.144 1.148 1.149 1.147 1.148 1.148  || Raw Y readings: 1.862 1.856 1.862 1.855 1.855 1.855 1.859 1.858 1.853 1.854 1.855 1.855 1.858 1.850 1.854 1.856 1.859 
Raw X readings: 1.111 1.115 1.114 1.110 1.112 1.112 1.115 1.117 1.123 1.124 1.123 1.120 1.121 1.126 1.117 1.116 1.115  || Raw Y readings: 1.874 1.878 1.878 1.878 1.878 1.876 1.876 1.877 1.877 1.878 1.879 1.879 1.878 1.869 1.875 1.878 1.872 
Raw X readings: 1.101 1.097 1.099 1.108 1.099 1.103 1.102 1.090 1.102 1.106 1.095 1.108 1.101 1.094 1.094 1.085 1.084  || Raw Y readings: 1.896 1.896 1.900 1.900 1.899 1.898 1.895 1.893 1.903 1.897 1.896 1.890 1.891 1.898 1.901 1.901 1.891 
High noise detected! X stddev: 0.003 | Y stddev: 0.340
Raw X readings: 1.027 1.019 1.014 1.026 1.020 1.023 1.026 1.022 1.036 1.046 1.048 1.040 1.036 1.028 1.026 1.019 1.028  || Raw Y readings: 1.929 1.935 1.936 1.936 1.941 1.943 1.943 1.944 1.937 1.944 1.941 1.943 1.938 1.935 1.948 1.938 1.939 
Raw X readings: 0.991 0.991 0.990 0.998 0.986 0.986 0.961 0.988 0.986 0.988 0.986 0.984 0.990 0.985 0.988 0.986 0.986  || Raw Y readings: 1.956 1.954 1.961 1.957 1.957 1.957 1.957 1.959 1.958 1.943 1.957 1.957 1.962 1.961 1.961 1.959 1.961 
Raw X readings: 0.952 0.956 0.957 0.953 0.956 0.956 0.957 0.951 0.952 0.958 0.953 0.953 0.951 0.946 0.946 0.948 0.942  || Raw Y readings: 1.974 1.976 1.975 1.985 1.979 1.981 1.978 1.981 1.978 1.978 1.978 1.978 1.982 1.980 1.981 1.974 1.980 
Raw X readings: 0.907 0.911 0.909 0.910 0.907 0.908 0.907 0.905 0.906 0.907 0.902 0.899 0.899 0.899 0.899 0.901 0.897  || Raw Y readings: 1.999 2.007 2.019 2.008 2.007 2.004 2.008 2.011 2.007 2.009 2.008 2.021 2.007 2.011 2.007 2.015 2.013 
Raw X readings: 0.878 0.876 0.876 0.872 0.874 0.869 0.870 0.869 0.866 0.870 0.870 0.870 0.870 0.867 0.865 0.868 0.863  || Raw Y readings: 2.028 2.029 2.028 2.032 2.029 2.030 2.034 2.032 2.028 2.028 2.028 2.028 2.031 2.028 2.030 2.028 2.041 
Raw X readings: 0.837 0.834 0.838 0.840 0.841 0.838 0.841 0.841 0.836 0.833 0.837 0.834 0.833 0.833 0.836 0.834 0.834  || Raw Y readings: 2.055 2.050 2.077 2.050 2.050 2.051 2.050 2.050 2.053 2.053 2.054 2.053 2.051 2.053 2.054 2.053 2.049 
Raw X readings: 0.787 0.785 0.783 0.785 0.787 0.784 0.789 0.791 0.795 0.810 0.823 0.807 0.816 0.827 0.823 0.821 0.810  || Raw Y readings: 2.086 2.087 2.087 2.088 2.086 2.085 2.089 2.082 2.086 2.081 2.093 2.088 2.057 2.087 2.087 2.086 2.085 
Raw X readings: 0.786 0.792 0.800 0.809 0.846 0.840 0.845 0.791 0.796 0.790 0.778 0.774 0.778 0.778 0.770 0.766 0.752  || Raw Y readings: 2.110 2.107 2.109 2.108 2.107 2.105 2.107 2.106 2.101 2.107 2.105 2.105 2.107 2.108 2.111 2.111 2.108 
Raw X readings: 0.715 0.716 0.720 0.720 0.720 0.718 0.717 0.716 0.712 0.714 0.715 0.715 0.709 0.718 0.716 0.712 0.713  || Raw Y readings: 2.129 2.130 2.122 2.129 2.129 2.130 2.132 2.131 2.129 2.128 2.130 2.129 2.131 2.132 2.131 2.132 2.131 
Raw X readings: 0.656 0.653 0.658 0.654 0.658 0.654 0.654 0.655 0.654 0.654 0.655 0.654 0.653 0.652 0.653 0.650 0.656  || Raw Y readings: 2.156 2.157 2.158 2.157 2.159 2.156 2.159 2.161 2.161 2.161 2.162 2.161 2.163 2.161 2.169 2.165 2.164 
Raw X readings: 0.622 0.623 0.623 0.619 0.615 0.620 0.625 0.618 0.621 0.622 0.616 0.620 0.611 0.616 0.616 0.615 0.615  || Raw Y readings: 2.177 2.180 2.186 2.180 2.181 2.181 2.185 2.181 2.182 2.184 2.183 2.181 2.190 2.192 2.190 2.198 2.198 
Raw X readings: 0.592 0.587 0.592 0.583 0.588 0.589 0.583 0.588 0.587 0.588 0.583 0.587 0.587 0.593 0.590 0.589 0.593  || Raw Y readings: 2.206 2.210 2.206 2.206 2.204 2.204 2.206 2.210 2.210 2.208 2.208 2.206 2.210 2.209 2.206 2.206 2.209 
Raw X readings: 0.532 0.533 0.533 0.530 0.533 0.538 0.533 0.538 0.532 0.534 0.533 0.525 0.528 0.521 0.525 0.524 0.508  || Raw Y readings: 2.239 2.246 2.247 2.239 2.244 2.243 2.244 2.245 2.245 2.239 2.246 2.244 2.243 2.247 2.245 2.245 2.243 
Raw X readings: 0.485 0.482 0.485 0.479 0.484 0.486 0.479 0.485 0.488 0.489 0.492 0.490 0.492 0.494 0.493 0.493 0.493  || Raw Y readings: 2.267 2.271 2.274 2.273 2.274 2.278 2.281 2.275 2.277 2.277 2.277 2.277 2.278 2.278 2.276 2.278 2.278 
Raw X readings: 0.451 0.443 0.439 0.448 0.447 0.446 0.450 0.446 0.443 0.444 0.443 0.446 0.444 0.442 0.438 0.446 0.442  || Raw Y readings: 2.290 2.291 2.291 2.293 2.291 2.291 2.292 2.294 2.294 2.291 2.293 2.292 2.293 2.293 2.298 2.295 2.293 
Raw X readings: 0.390 0.392 0.393 0.388 0.389 0.392 0.388 0.391 0.381 0.392 0.388 0.389 0.384 0.388 0.391 0.390 0.388  || Raw Y readings: 2.329 2.331 2.332 2.333 2.335 2.336 2.335 2.335 2.332 2.333 2.335 2.340 2.334 2.324 2.331 2.338 2.338 
High noise detected! X stddev: 0.082 | Y stddev: 0.144
High noise detected! X stddev: 0.080 | Y stddev: 0.145
High noise detected! X stddev: 0.081 | Y stddev: 0.145
High noise detected! X stddev: 0.080 | Y stddev: 0.147
High noise detected! X stddev: 0.081 | Y stddev: 0.098
High noise detected! X stddev: 0.007 | Y stddev: 0.087
Raw X readings: 0.417 0.373 0.372 0.373 0.375 0.372 0.372 0.372 0.396 0.366 0.373 0.372 0.372 0.373 0.370 0.372 0.373  || Raw Y readings: 2.403 2.404 2.402 2.403 2.404 2.405 2.405 2.405 2.402 2.406 2.404 2.401 2.403 2.405 2.404 2.404 2.406 
Raw X readings: 0.376 0.375 0.378 0.376 0.377 0.378 0.376 0.376 0.374 0.379 0.377 0.369 0.376 0.376 0.378 0.378 0.375  || Raw Y readings: 2.414 2.414 2.413 2.413 2.407 2.414 2.410 2.396 2.415 2.407 2.414 2.413 2.420 2.414 2.422 2.410 2.417 
High noise detected! X stddev: 0.081 | Y stddev: 0.144
High noise detected! X stddev: 0.080 | Y stddev: 0.147
High noise detected! X stddev: 0.082 | Y stddev: 0.144
High noise detected! X stddev: 0.080 | Y stddev: 0.146
High noise detected! X stddev: 0.082 | Y stddev: 0.145
High noise detected! X stddev: 0.079 | Y stddev: 0.145
High noise detected! X stddev: 0.082 | Y stddev: 0.145
High noise detected! X stddev: 0.079 | Y stddev: 0.146
High noise detected! X stddev: 0.082 | Y stddev: 0.144
High noise detected! X stddev: 0.080 | Y stddev: 0.145
High noise detected! X stddev: 0.082 | Y stddev: 0.145
High noise detected! X stddev: 0.079 | Y stddev: 0.146
High noise detected! X stddev: 0.081 | Y stddev: 0.146