Raw X readings: 3.051 2.928 2.868 2.828 2.800 2.783 2.773 2.761 2.758 2.755 2.748 2.751 2.750 2.752 2.750 2.749 2.749  || Raw Y readings: 2.194 2.470 2.614 2.690 2.723 2.742 2.751 2.751 2.758 2.758 2.753 2.757 2.755 2.758 2.754 2.752 2.752 
Raw X readings: 3.049 2.933 2.866 2.824 2.796 2.778 2.767 2.758 2.755 2.748 2.747 2.745 2.744 2.745 2.744 2.742 2.742  || Raw Y readings: 2.175 2.451 2.600 2.671 2.700 2.726 2.736 2.741 2.742 2.742 2.738 2.743 2.746 2.744 2.746 2.745 2.743 
Raw X readings: 3.050 2.931 2.867 2.825 2.797 2.778 2.767 2.758 2.754 2.748 2.746 2.744 2.746 2.745 2.744 2.745 2.742  || Raw Y readings: 2.177 2.455 2.598 2.672 2.709 2.725 2.735 2.741 2.742 2.742 2.744 2.744 2.746 2.746 2.746 2.749 2.744 
Raw X readings: 3.050 2.933 2.867 2.825 2.797 2.767 2.767 2.759 2.752 2.750 2.746 2.748 2.744 2.744 2.738 2.739 2.744  || Raw Y readings: 2.171 2.455 2.596 2.672 2.710 2.727 2.737 2.742 2.742 2.742 2.748 2.745 2.748 2.753 2.746 2.744 2.744 
Raw X readings: 3.050 2.937 2.869 2.828 2.802 2.783 2.771 2.760 2.756 2.754 2.756 2.750 2.750 2.747 2.743 2.748 2.746  || Raw Y readings: 2.189 2.471 2.614 2.688 2.721 2.743 2.748 2.756 2.758 2.758 2.756 2.758 2.757 2.754 2.755 2.759 2.750 
Raw X readings: 3.049 2.933 2.869 2.827 2.798 2.780 2.770 2.767 2.757 2.754 2.751 2.751 2.750 2.748 2.754 2.746 2.748  || Raw Y readings: 2.187 2.474 2.616 2.686 2.725 2.743 2.754 2.756 2.759 2.758 2.761 2.759 2.755 2.757 2.757 2.756 2.755 
Raw X readings: 3.052 2.933 2.870 2.827 2.800 2.782 2.769 2.762 2.758 2.754 2.754 2.750 2.750 2.749 2.747 2.746 2.748  || Raw Y readings: 2.192 2.472 2.611 2.685 2.721 2.742 2.753 2.757 2.758 2.758 2.758 2.758 2.754 2.756 2.756 2.751 2.756 
Raw X readings: 3.050 2.933 2.866 2.824 2.798 2.776 2.766 2.756 2.742 2.749 2.749 2.746 2.746 2.745 2.740 2.742 2.741  || Raw Y readings: 2.173 2.457 2.599 2.671 2.707 2.727 2.737 2.741 2.741 2.745 2.746 2.746 2.744 2.755 2.745 2.744 2.744 
Raw X readings: 3.048 2.932 2.866 2.825 2.796 2.776 2.764 2.758 2.752 2.749 2.746 2.745 2.744 2.750 2.744 2.742 2.740  || Raw Y readings: 2.175 2.451 2.599 2.669 2.708 2.725 2.733 2.740 2.742 2.742 2.741 2.744 2.743 2.743 2.746 2.745 2.745 
Raw X readings: 3.051 2.932 2.866 2.824 2.795 2.777 2.766 2.757 2.751 2.752 2.747 2.745 2.746 2.742 2.745 2.745 2.744  || Raw Y readings: 2.176 2.455 2.592 2.670 2.706 2.724 2.738 2.739 2.743 2.743 2.743 2.746 2.744 2.746 2.747 2.743 2.748 
Raw X readings: 3.049 2.932 2.870 2.827 2.802 2.782 2.770 2.762 2.758 2.753 2.746 2.751 2.743 2.749 2.748 2.747 2.750  || Raw Y readings: 2.191 2.468 2.611 2.686 2.722 2.742 2.751 2.757 2.755 2.758 2.759 2.757 2.768 2.757 2.756 2.755 2.756 
Raw X readings: 3.050 2.933 2.870 2.828 2.787 2.782 2.769 2.773 2.758 2.753 2.754 2.748 2.748 2.747 2.748 2.749 2.747  || Raw Y readings: 2.195 2.471 2.613 2.686 2.723 2.741 2.750 2.761 2.758 2.759 2.758 2.757 2.761 2.752 2.756 2.755 2.747 
Raw X readings: 3.049 2.932 2.870 2.829 2.808 2.782 2.771 2.763 2.757 2.753 2.753 2.746 2.747 2.748 2.746 2.747 2.747  || Raw Y readings: 2.190 2.471 2.611 2.684 2.720 2.741 2.750 2.756 2.757 2.760 2.758 2.757 2.758 2.757 2.754 2.754 2.757 
Raw X readings: 3.051 2.929 2.871 2.824 2.797 2.778 2.767 2.758 2.752 2.750 2.747 2.744 2.743 2.743 2.742 2.742 2.741  || Raw Y readings: 2.174 2.460 2.597 2.671 2.712 2.725 2.734 2.738 2.742 2.742 2.742 2.745 2.743 2.744 2.746 2.746 2.760 
Raw X readings: 3.050 2.933 2.866 2.823 2.798 2.779 2.767 2.757 2.751 2.750 2.746 2.743 2.744 2.744 2.740 2.743 2.742  || Raw Y readings: 2.174 2.452 2.596 2.671 2.705 2.725 2.724 2.738 2.738 2.742 2.744 2.745 2.744 2.746 2.746 2.746 2.745 
Raw X readings: 3.051 2.931 2.869 2.825 2.798 2.779 2.767 2.758 2.752 2.747 2.745 2.740 2.743 2.739 2.742 2.741 2.743  || Raw Y readings: 2.177 2.455 2.594 2.669 2.706 2.725 2.739 2.739 2.742 2.742 2.748 2.744 2.738 2.746 2.746 2.746 2.746 
Raw X readings: 3.051 2.933 2.868 2.828 2.800 2.781 2.773 2.758 2.756 2.755 2.752 2.753 2.749 2.750 2.748 2.748 2.745  || Raw Y readings: 2.193 2.471 2.613 2.684 2.721 2.741 2.743 2.762 2.758 2.758 2.757 2.758 2.764 2.754 2.755 2.756 2.754 
Raw X readings: 3.051 2.933 2.868 2.827 2.797 2.783 2.771 2.761 2.755 2.755 2.754 2.750 2.749 2.750 2.749 2.747 2.749  || Raw Y readings: 2.195 2.471 2.613 2.686 2.723 2.742 2.751 2.754 2.756 2.760 2.757 2.760 2.759 2.754 2.755 2.759 2.758 
Raw X readings: 3.049 2.934 2.868 2.825 2.799 2.783 2.769 2.764 2.758 2.754 2.750 2.748 2.748 2.747 2.748 2.750 2.743  || Raw Y readings: 2.193 2.468 2.609 2.685 2.722 2.745 2.750 2.754 2.757 2.758 2.758 2.760 2.758 2.756 2.756 2.755 2.758 
Raw X readings: 3.050 2.932 2.868 2.828 2.799 2.779 2.766 2.757 2.758 2.750 2.747 2.745 2.743 2.744 2.742 2.742 2.743  || Raw Y readings: 2.177 2.454 2.596 2.671 2.709 2.722 2.730 2.739 2.741 2.739 2.743 2.742 2.744 2.742 2.745 2.743 2.747 
Raw X readings: 3.050 2.926 2.867 2.825 2.797 2.779 2.766 2.761 2.752 2.750 2.744 2.743 2.742 2.742 2.738 2.745 2.742  || Raw Y readings: 2.179 2.454 2.595 2.665 2.704 2.721 2.733 2.738 2.743 2.741 2.742 2.741 2.744 2.745 2.746 2.743 2.744 
Raw X readings: 3.050 2.933 2.867 2.824 2.797 2.776 2.768 2.758 2.755 2.747 2.748 2.745 2.741 2.736 2.740 2.742 2.742  || Raw Y readings: 2.175 2.455 2.596 2.667 2.705 2.724 2.736 2.738 2.742 2.744 2.746 2.745 2.743 2.746 2.746 2.746 2.746 
Raw X readings: 3.050 2.934 2.867 2.827 2.804 2.783 2.770 2.764 2.756 2.758 2.755 2.750 2.746 2.747 2.747 2.747 2.751  || Raw Y readings: 2.191 2.470 2.622 2.681 2.721 2.742 2.750 2.755 2.754 2.760 2.758 2.758 2.755 2.754 2.755 2.757 2.755 
Raw X readings: 3.050 2.933 2.867 2.829 2.800 2.782 2.769 2.757 2.759 2.754 2.752 2.751 2.750 2.748 2.747 2.745 2.750  || Raw Y readings: 2.194 2.468 2.612 2.686 2.721 2.739 2.746 2.756 2.758 2.758 2.758 2.757 2.758 2.753 2.756 2.752 2.754 
Raw X readings: 3.049 2.931 2.871 2.828 2.801 2.784 2.771 2.757 2.758 2.754 2.750 2.749 2.750 2.747 2.748 2.748 2.743  || Raw Y readings: 2.190 2.468 2.613 2.675 2.713 2.743 2.748 2.755 2.758 2.761 2.759 2.758 2.761 2.754 2.757 2.756 2.755 
Raw X readings: 3.050 2.931 2.867 2.825 2.797 2.777 2.764 2.758 2.754 2.749 2.748 2.744 2.746 2.738 2.742 2.744 2.743  || Raw Y readings: 2.176 2.457 2.597 2.672 2.705 2.723 2.731 2.737 2.742 2.739 2.745 2.742 2.744 2.744 2.743 2.745 2.746 
Raw X readings: 3.049 2.935 2.867 2.825 2.793 2.779 2.767 2.775 2.753 2.748 2.749 2.746 2.745 2.742 2.745 2.744 2.738  || Raw Y readings: 2.183 2.457 2.596 2.667 2.707 2.725 2.736 2.740 2.742 2.731 2.745 2.744 2.745 2.745 2.746 2.748 2.746 
Raw X readings: 3.051 2.930 2.867 2.825 2.797 2.779 2.772 2.758 2.751 2.749 2.746 2.748 2.745 2.743 2.746 2.744 2.746  || Raw Y readings: 2.177 2.455 2.595 2.653 2.704 2.726 2.733 2.738 2.738 2.729 2.745 2.742 2.742 2.745 2.744 2.743 2.750 
Raw X readings: 3.050 2.937 2.867 2.829 2.800 2.780 2.770 2.762 2.758 2.754 2.751 2.750 2.749 2.749 2.749 2.749 2.747  || Raw Y readings: 2.189 2.472 2.613 2.683 2.721 2.742 2.749 2.756 2.757 2.758 2.758 2.762 2.767 2.757 2.758 2.754 2.754 
Raw X readings: 3.050 2.933 2.867 2.809 2.800 2.782 2.770 2.763 2.758 2.753 2.750 2.750 2.752 2.746 2.750 2.732 2.746  || Raw Y readings: 2.188 2.468 2.612 2.684 2.723 2.743 2.750 2.756 2.756 2.758 2.759 2.761 2.761 2.758 2.757 2.756 2.754 
Raw X readings: 3.050 2.934 2.870 2.831 2.803 2.781 2.772 2.764 2.757 2.753 2.750 2.752 2.746 2.750 2.747 2.749 2.746  || Raw Y readings: 2.190 2.471 2.618 2.684 2.724 2.738 2.750 2.754 2.755 2.762 2.761 2.742 2.760 2.757 2.757 2.750 2.756 
Raw X readings: 3.051 2.930 2.867 2.825 2.796 2.779 2.767 2.758 2.754 2.748 2.746 2.745 2.745 2.742 2.743 2.743 2.733  || Raw Y readings: 2.181 2.455 2.597 2.667 2.705 2.724 2.735 2.738 2.741 2.741 2.742 2.744 2.744 2.744 2.745 2.739 2.747 
Raw X readings: 3.052 2.932 2.869 2.825 2.796 2.781 2.765 2.758 2.752 2.748 2.752 2.746 2.748 2.744 2.742 2.742 2.743  || Raw Y readings: 2.175 2.454 2.596 2.671 2.705 2.722 2.733 2.740 2.740 2.744 2.743 2.745 2.743 2.745 2.744 2.746 2.746 
Raw X readings: 3.051 2.928 2.868 2.826 2.787 2.778 2.767 2.756 2.751 2.748 2.744 2.746 2.743 2.738 2.743 2.726 2.743  || Raw Y readings: 2.176 2.452 2.596 2.671 2.707 2.722 2.736 2.738 2.742 2.749 2.735 2.745 2.746 2.743 2.746 2.742 2.747 
Raw X readings: 3.051 2.932 2.868 2.828 2.800 2.781 2.771 2.762 2.758 2.754 2.750 2.750 2.750 2.754 2.747 2.748 2.746  || Raw Y readings: 2.190 2.467 2.610 2.684 2.722 2.735 2.749 2.754 2.732 2.758 2.763 2.762 2.758 2.759 2.755 2.756 2.754 
Raw X readings: 3.053 2.932 2.867 2.827 2.799 2.782 2.768 2.767 2.757 2.753 2.752 2.748 2.750 2.750 2.747 2.747 2.750  || Raw Y readings: 2.190 2.470 2.613 2.684 2.720 2.746 2.750 2.754 2.759 2.758 2.754 2.759 2.758 2.758 2.757 2.753 2.756 
Raw X readings: 3.051 2.934 2.866 2.816 2.800 2.785 2.770 2.762 2.758 2.749 2.747 2.750 2.749 2.747 2.744 2.761 2.747  || Raw Y readings: 2.190 2.472 2.613 2.684 2.720 2.736 2.749 2.755 2.758 2.758 2.760 2.759 2.759 2.758 2.757 2.757 2.758 
Raw X readings: 3.049 2.934 2.868 2.826 2.796 2.779 2.767 2.762 2.754 2.749 2.746 2.746 2.744 2.743 2.742 2.745 2.742  || Raw Y readings: 2.175 2.454 2.596 2.670 2.704 2.723 2.733 2.740 2.744 2.736 2.744 2.744 2.745 2.746 2.745 2.746 2.746 
Raw X readings: 3.049 2.933 2.868 2.825 2.798 2.779 2.767 2.767 2.753 2.750 2.747 2.744 2.746 2.745 2.744 2.739 2.738  || Raw Y readings: 2.178 2.455 2.597 2.663 2.704 2.723 2.733 2.739 2.739 2.742 2.743 2.742 2.744 2.745 2.744 2.745 2.744 
Raw X readings: 3.050 2.934 2.866 2.824 2.797 2.778 2.765 2.758 2.747 2.750 2.745 2.743 2.745 2.738 2.743 2.746 2.742  || Raw Y readings: 2.177 2.458 2.599 2.667 2.703 2.721 2.733 2.739 2.742 2.742 2.742 2.742 2.744 2.742 2.743 2.741 2.748 
Raw X readings: 3.051 2.932 2.870 2.831 2.799 2.782 2.768 2.762 2.757 2.754 2.754 2.750 2.755 2.749 2.749 2.746 2.746  || Raw Y readings: 2.189 2.471 2.615 2.683 2.718 2.737 2.754 2.755 2.754 2.758 2.765 2.758 2.760 2.747 2.757 2.754 2.754 
Raw X readings: 3.050 2.933 2.868 2.829 2.800 2.781 2.770 2.763 2.756 2.750 2.750 2.749 2.748 2.748 2.751 2.745 2.747  || Raw Y readings: 2.194 2.469 2.610 2.684 2.717 2.738 2.750 2.753 2.771 2.759 2.760 2.765 2.757 2.758 2.759 2.754 2.754 
Raw X readings: 3.049 2.933 2.869 2.828 2.799 2.780 2.770 2.761 2.758 2.752 2.753 2.748 2.751 2.750 2.747 2.747 2.749  || Raw Y readings: 2.189 2.471 2.617 2.686 2.718 2.735 2.748 2.754 2.757 2.758 2.759 2.758 2.758 2.760 2.756 2.757 2.755 
Raw X readings: 3.049 2.931 2.868 2.825 2.797 2.779 2.768 2.767 2.754 2.747 2.742 2.745 2.743 2.739 2.743 2.742 2.742  || Raw Y readings: 2.181 2.455 2.597 2.668 2.704 2.722 2.725 2.739 2.742 2.748 2.742 2.743 2.744 2.743 2.745 2.750 2.744 
Raw X readings: 3.049 2.933 2.866 2.825 2.804 2.779 2.767 2.758 2.751 2.749 2.749 2.746 2.744 2.746 2.747 2.744 2.745  || Raw Y readings: 2.176 2.455 2.600 2.671 2.702 2.721 2.733 2.739 2.740 2.742 2.743 2.742 2.745 2.745 2.744 2.746 2.745 
Raw X readings: 3.051 2.932 2.865 2.825 2.795 2.780 2.771 2.758 2.754 2.750 2.746 2.748 2.743 2.746 2.743 2.743 2.742  || Raw Y readings: 2.177 2.459 2.598 2.669 2.703 2.708 2.735 2.738 2.742 2.738 2.745 2.744 2.744 2.751 2.742 2.746 2.746 
Raw X readings: 3.050 2.933 2.869 2.829 2.803 2.784 2.771 2.763 2.758 2.750 2.752 2.749 2.753 2.749 2.750 2.750 2.746  || Raw Y readings: 2.190 2.471 2.613 2.685 2.717 2.739 2.747 2.754 2.755 2.758 2.759 2.749 2.758 2.758 2.757 2.758 2.757 
Raw X readings: 3.049 2.932 2.870 2.828 2.800 2.782 2.770 2.762 2.756 2.750 2.751 2.750 2.751 2.748 2.747 2.749 2.750  || Raw Y readings: 2.189 2.468 2.614 2.681 2.717 2.741 2.738 2.752 2.758 2.757 2.760 2.758 2.758 2.760 2.757 2.757 2.755 
Raw X readings: 3.051 2.933 2.869 2.825 2.800 2.781 2.769 2.761 2.758 2.754 2.750 2.750 2.754 2.747 2.749 2.748 2.749  || Raw Y readings: 2.189 2.469 2.618 2.687 2.717 2.729 2.746 2.753 2.754 2.757 2.758 2.758 2.758 2.759 2.754 2.755 2.756 
Raw X readings: 3.050 2.931 2.868 2.825 2.796 2.779 2.762 2.758 2.754 2.750 2.745 2.744 2.746 2.739 2.744 2.742 2.750  || Raw Y readings: 2.177 2.458 2.581 2.669 2.702 2.723 2.725 2.738 2.740 2.743 2.741 2.743 2.743 2.746 2.744 2.745 2.744 
Raw X readings: 3.051 2.930 2.870 2.826 2.800 2.779 2.767 2.760 2.754 2.750 2.746 2.744 2.745 2.748 2.743 2.742 2.742  || Raw Y readings: 2.175 2.458 2.606 2.670 2.704 2.721 2.735 2.738 2.740 2.744 2.742 2.742 2.745 2.744 2.744 2.746 2.745 
Raw X readings: 3.052 2.930 2.866 2.820 2.797 2.781 2.771 2.746 2.754 2.750 2.746 2.742 2.736 2.742 2.742 2.742 2.741  || Raw Y readings: 2.177 2.458 2.601 2.668 2.703 2.721 2.732 2.737 2.739 2.741 2.739 2.742 2.742 2.742 2.745 2.744 2.744 
Raw X readings: 3.049 2.932 2.869 2.828 2.801 2.783 2.769 2.762 2.756 2.749 2.750 2.747 2.746 2.746 2.746 2.750 2.746  || Raw Y readings: 2.189 2.471 2.613 2.684 2.717 2.738 2.746 2.746 2.754 2.757 2.760 2.756 2.758 2.757 2.758 2.756 2.756 
Raw X readings: 3.050 2.931 2.870 2.828 2.799 2.785 2.767 2.764 2.756 2.755 2.750 2.750 2.747 2.748 2.748 2.750 2.746  || Raw Y readings: 2.189 2.463 2.614 2.685 2.719 2.734 2.746 2.752 2.753 2.755 2.757 2.758 2.764 2.758 2.758 2.756 2.754 
Raw X readings: 3.050 2.933 2.870 2.827 2.800 2.783 2.770 2.763 2.757 2.754 2.750 2.750 2.749 2.750 2.748 2.746 2.749  || Raw Y readings: 2.190 2.468 2.609 2.686 2.719 2.736 2.745 2.753 2.758 2.759 2.757 2.758 2.758 2.757 2.758 2.761 2.758 
Raw X readings: 3.050 2.930 2.868 2.826 2.798 2.778 2.768 2.758 2.753 2.749 2.745 2.743 2.742 2.743 2.741 2.742 2.742  || Raw Y readings: 2.176 2.455 2.599 2.669 2.700 2.718 2.733 2.738 2.743 2.740 2.744 2.742 2.742 2.742 2.745 2.741 2.746 
Raw X readings: 3.049 2.932 2.867 2.828 2.797 2.776 2.762 2.758 2.754 2.736 2.746 2.746 2.744 2.742 2.742 2.745 2.742  || Raw Y readings: 2.175 2.458 2.601 2.670 2.704 2.717 2.728 2.734 2.737 2.742 2.741 2.741 2.743 2.743 2.745 2.742 2.744 
Raw X readings: 3.053 2.933 2.866 2.828 2.797 2.777 2.761 2.760 2.754 2.749 2.750 2.745 2.742 2.744 2.742 2.746 2.742  || Raw Y readings: 2.177 2.455 2.602 2.667 2.702 2.718 2.727 2.732 2.742 2.742 2.742 2.738 2.742 2.746 2.747 2.746 2.744 
Raw X readings: 3.051 2.934 2.867 2.827 2.800 2.782 2.771 2.762 2.757 2.756 2.750 2.749 2.749 2.749 2.746 2.748 2.749  || Raw Y readings: 2.188 2.469 2.610 2.684 2.722 2.733 2.742 2.752 2.753 2.756 2.758 2.759 2.758 2.758 2.756 2.758 2.756 
Raw X readings: 3.049 2.933 2.868 2.826 2.800 2.788 2.772 2.766 2.756 2.753 2.750 2.749 2.749 2.749 2.747 2.748 2.747  || Raw Y readings: 2.185 2.470 2.621 2.686 2.725 2.736 2.747 2.742 2.753 2.756 2.760 2.765 2.759 2.758 2.758 2.761 2.753 
Raw X readings: 3.050 2.933 2.871 2.827 2.800 2.783 2.763 2.762 2.757 2.755 2.751 2.749 2.752 2.746 2.747 2.747 2.749  || Raw Y readings: 2.188 2.468 2.610 2.685 2.717 2.735 2.744 2.747 2.749 2.757 2.756 2.758 2.759 2.759 2.759 2.762 2.754 
Raw X readings: 3.050 2.932 2.866 2.828 2.799 2.780 2.766 2.759 2.754 2.749 2.747 2.743 2.742 2.742 2.742 2.748 2.742  || Raw Y readings: 2.173 2.454 2.596 2.671 2.701 2.719 2.730 2.734 2.739 2.740 2.741 2.742 2.742 2.744 2.743 2.741 2.743 
Raw X readings: 3.050 2.930 2.866 2.824 2.796 2.778 2.764 2.759 2.754 2.755 2.746 2.746 2.748 2.741 2.743 2.743 2.742  || Raw Y readings: 2.173 2.457 2.597 2.671 2.702 2.719 2.725 2.733 2.739 2.741 2.740 2.744 2.742 2.742 2.746 2.742 2.744 
Raw X readings: 3.048 2.932 2.868 2.819 2.798 2.778 2.765 2.754 2.752 2.750 2.740 2.746 2.745 2.743 2.742 2.747 2.741  || Raw Y readings: 2.173 2.456 2.593 2.671 2.700 2.720 2.725 2.734 2.738 2.740 2.740 2.759 2.742 2.744 2.750 2.745 2.745 
Raw X readings: 3.051 2.933 2.870 2.828 2.801 2.757 2.772 2.762 2.755 2.754 2.751 2.750 2.748 2.747 2.752 2.748 2.749  || Raw Y readings: 2.189 2.466 2.613 2.684 2.717 2.731 2.746 2.753 2.752 2.758 2.742 2.759 2.760 2.758 2.757 2.753 2.728 
Raw X readings: 3.049 2.932 2.867 2.828 2.800 2.779 2.771 2.762 2.730 2.753 2.753 2.742 2.750 2.751 2.736 2.749 2.747  || Raw Y readings: 2.185 2.471 2.609 2.685 2.717 2.732 2.745 2.748 2.759 2.755 2.754 2.758 2.757 2.758 2.757 2.758 2.757 
Raw X readings: 3.050 2.933 2.870 2.826 2.800 2.782 2.769 2.762 2.750 2.753 2.749 2.748 2.747 2.746 2.747 2.746 2.748  || Raw Y readings: 2.184 2.466 2.609 2.680 2.725 2.732 2.745 2.751 2.751 2.756 2.756 2.751 2.758 2.757 2.758 2.755 2.756 
Raw X readings: 3.048 2.931 2.866 2.825 2.799 2.778 2.766 2.758 2.753 2.748 2.746 2.743 2.746 2.742 2.743 2.741 2.741  || Raw Y readings: 2.175 2.454 2.600 2.667 2.700 2.726 2.729 2.736 2.739 2.738 2.741 2.739 2.742 2.742 2.746 2.743 2.742 
Raw X readings: 3.048 2.931 2.866 2.827 2.796 2.776 2.765 2.757 2.750 2.753 2.748 2.744 2.742 2.742 2.742 2.737 2.742  || Raw Y readings: 2.174 2.454 2.597 2.667 2.705 2.718 2.725 2.733 2.735 2.740 2.742 2.735 2.739 2.741 2.742 2.745 2.742 
Raw X readings: 3.049 2.932 2.866 2.824 2.799 2.778 2.767 2.754 2.754 2.748 2.744 2.745 2.744 2.743 2.742 2.742 2.742  || Raw Y readings: 2.173 2.455 2.600 2.668 2.702 2.717 2.730 2.738 2.742 2.740 2.742 2.740 2.742 2.742 2.742 2.745 2.743 
Raw X readings: 3.050 2.932 2.862 2.829 2.799 2.783 2.770 2.762 2.757 2.752 2.750 2.748 2.748 2.748 2.747 2.747 2.748  || Raw Y readings: 2.186 2.464 2.610 2.683 2.720 2.735 2.742 2.750 2.754 2.753 2.759 2.758 2.757 2.757 2.755 2.751 2.756 
Raw X readings: 3.049 2.935 2.866 2.828 2.802 2.783 2.770 2.762 2.750 2.752 2.750 2.748 2.750 2.747 2.748 2.746 2.747  || Raw Y readings: 2.186 2.464 2.612 2.679 2.717 2.733 2.742 2.754 2.754 2.754 2.757 2.755 2.758 2.759 2.758 2.758 2.755 
Raw X readings: 3.051 2.932 2.866 2.828 2.799 2.782 2.776 2.761 2.755 2.751 2.750 2.758 2.748 2.747 2.746 2.748 2.750  || Raw Y readings: 2.183 2.468 2.613 2.684 2.727 2.737 2.743 2.750 2.753 2.756 2.755 2.757 2.757 2.758 2.758 2.757 2.756 
Raw X readings: 3.051 2.931 2.866 2.828 2.796 2.780 2.772 2.758 2.754 2.746 2.746 2.745 2.745 2.744 2.742 2.742 2.742  || Raw Y readings: 2.173 2.454 2.599 2.670 2.709 2.722 2.728 2.735 2.739 2.738 2.741 2.742 2.743 2.743 2.744 2.742 2.746 
Raw X readings: 3.051 2.932 2.866 2.825 2.797 2.778 2.766 2.754 2.752 2.747 2.748 2.744 2.746 2.742 2.743 2.741 2.742  || Raw Y readings: 2.173 2.454 2.595 2.670 2.702 2.721 2.729 2.734 2.738 2.739 2.742 2.746 2.741 2.744 2.741 2.745 2.746 
Raw X readings: 3.049 2.933 2.866 2.825 2.797 2.779 2.759 2.758 2.752 2.747 2.746 2.746 2.745 2.750 2.743 2.742 2.742  || Raw Y readings: 2.173 2.468 2.596 2.671 2.706 2.715 2.729 2.736 2.740 2.738 2.740 2.744 2.739 2.743 2.746 2.742 2.744 
Raw X readings: 3.051 2.933 2.870 2.828 2.801 2.788 2.768 2.758 2.757 2.754 2.751 2.751 2.748 2.750 2.746 2.749 2.746  || Raw Y readings: 2.188 2.465 2.612 2.685 2.716 2.736 2.742 2.751 2.754 2.757 2.752 2.756 2.758 2.761 2.761 2.760 2.757 
Raw X readings: 3.049 2.935 2.868 2.829 2.800 2.783 2.771 2.762 2.760 2.754 2.751 2.749 2.748 2.748 2.748 2.748 2.749  || Raw Y readings: 2.185 2.466 2.612 2.681 2.720 2.736 2.745 2.747 2.753 2.754 2.762 2.758 2.757 2.762 2.759 2.756 2.758 
Raw X readings: 3.049 2.933 2.869 2.827 2.799 2.782 2.770 2.763 2.750 2.752 2.750 2.749 2.750 2.747 2.748 2.746 2.746  || Raw Y readings: 2.190 2.465 2.612 2.684 2.723 2.736 2.741 2.746 2.753 2.755 2.761 2.758 2.759 2.754 2.760 2.760 2.756 
Raw X readings: 3.051 2.931 2.868 2.826 2.798 2.782 2.768 2.758 2.754 2.750 2.746 2.746 2.744 2.743 2.743 2.744 2.742  || Raw Y readings: 2.174 2.455 2.597 2.671 2.706 2.721 2.729 2.733 2.739 2.742 2.739 2.741 2.742 2.742 2.742 2.743 2.745 
Raw X readings: 3.050 2.932 2.874 2.823 2.798 2.765 2.767 2.758 2.754 2.748 2.747 2.745 2.746 2.744 2.746 2.742 2.743  || Raw Y readings: 2.173 2.454 2.600 2.671 2.704 2.700 2.729 2.731 2.741 2.741 2.739 2.743 2.738 2.744 2.743 2.744 2.744 
Raw X readings: 3.049 2.933 2.866 2.826 2.798 2.778 2.773 2.758 2.757 2.750 2.747 2.743 2.743 2.741 2.742 2.743 2.742  || Raw Y readings: 2.162 2.454 2.599 2.670 2.710 2.720 2.728 2.734 2.738 2.742 2.729 2.741 2.742 2.742 2.745 2.740 2.746 
Raw X readings: 3.053 2.933 2.874 2.828 2.796 2.783 2.771 2.762 2.755 2.752 2.750 2.754 2.748 2.747 2.747 2.748 2.748  || Raw Y readings: 2.184 2.466 2.613 2.684 2.720 2.734 2.743 2.752 2.754 2.757 2.762 2.758 2.758 2.761 2.759 2.762 2.755 
Raw X readings: 3.050 2.933 2.869 2.829 2.802 2.783 2.770 2.764 2.755 2.754 2.750 2.741 2.748 2.748 2.746 2.747 2.748  || Raw Y readings: 2.182 2.467 2.611 2.684 2.721 2.736 2.744 2.747 2.754 2.757 2.766 2.760 2.760 2.767 2.759 2.760 2.758 
Raw X readings: 3.050 2.934 2.870 2.827 2.796 2.781 2.771 2.761 2.756 2.752 2.753 2.748 2.747 2.748 2.747 2.747 2.746  || Raw Y readings: 2.184 2.468 2.613 2.685 2.720 2.737 2.740 2.748 2.753 2.758 2.754 2.758 2.756 2.758 2.761 2.758 2.758 
Raw X readings: 3.049 2.931 2.866 2.827 2.797 2.779 2.767 2.758 2.752 2.749 2.746 2.745 2.746 2.743 2.745 2.742 2.742  || Raw Y readings: 2.167 2.453 2.601 2.670 2.708 2.722 2.725 2.735 2.738 2.740 2.741 2.742 2.744 2.739 2.744 2.746 2.744 
Raw X readings: 3.050 2.931 2.865 2.825 2.796 2.777 2.764 2.756 2.750 2.748 2.746 2.744 2.743 2.745 2.740 2.742 2.741  || Raw Y readings: 2.177 2.457 2.597 2.671 2.705 2.719 2.728 2.734 2.737 2.739 2.754 2.742 2.741 2.737 2.742 2.743 2.742 
Raw X readings: 3.050 2.932 2.868 2.825 2.798 2.781 2.772 2.759 2.753 2.747 2.747 2.742 2.742 2.744 2.742 2.744 2.739  || Raw Y readings: 2.177 2.455 2.598 2.671 2.711 2.721 2.729 2.734 2.739 2.736 2.742 2.741 2.742 2.744 2.744 2.741 2.738 
Raw X readings: 3.049 2.931 2.869 2.826 2.809 2.782 2.770 2.761 2.755 2.752 2.750 2.755 2.747 2.749 2.748 2.746 2.746  || Raw Y readings: 2.185 2.467 2.613 2.681 2.717 2.737 2.745 2.749 2.751 2.754 2.756 2.759 2.758 2.758 2.760 2.758 2.754 
Raw X readings: 3.050 2.933 2.869 2.829 2.807 2.781 2.770 2.757 2.757 2.752 2.750 2.751 2.748 2.746 2.746 2.746 2.750  || Raw Y readings: 2.193 2.466 2.613 2.686 2.721 2.738 2.746 2.749 2.749 2.754 2.757 2.757 2.758 2.762 2.756 2.765 2.757 
Raw X readings: 3.050 2.933 2.867 2.826 2.799 2.782 2.768 2.762 2.756 2.754 2.754 2.750 2.749 2.746 2.747 2.747 2.746  || Raw Y readings: 2.187 2.468 2.613 2.686 2.718 2.734 2.748 2.750 2.750 2.754 2.754 2.758 2.757 2.757 2.760 2.751 2.749 
Raw X readings: 3.049 2.932 2.866 2.827 2.802 2.772 2.767 2.758 2.754 2.748 2.746 2.745 2.742 2.742 2.742 2.741 2.741  || Raw Y readings: 2.174 2.453 2.598 2.668 2.712 2.724 2.726 2.733 2.735 2.738 2.739 2.741 2.743 2.742 2.744 2.745 2.744 
Raw X readings: 3.049 2.931 2.866 2.825 2.797 2.764 2.764 2.756 2.749 2.748 2.746 2.745 2.746 2.741 2.741 2.742 2.741  || Raw Y readings: 2.169 2.454 2.599 2.671 2.705 2.720 2.729 2.733 2.735 2.740 2.747 2.741 2.743 2.743 2.745 2.745 2.742 
Raw X readings: 3.050 2.932 2.862 2.825 2.802 2.780 2.761 2.757 2.752 2.749 2.747 2.745 2.744 2.742 2.746 2.741 2.739  || Raw Y readings: 2.173 2.451 2.599 2.671 2.708 2.721 2.729 2.728 2.738 2.738 2.739 2.741 2.742 2.742 2.744 2.743 2.744 
Raw X readings: 3.050 2.936 2.870 2.828 2.803 2.782 2.778 2.761 2.756 2.751 2.749 2.750 2.745 2.747 2.746 2.746 2.746  || Raw Y readings: 2.188 2.468 2.613 2.675 2.721 2.738 2.742 2.749 2.747 2.754 2.756 2.754 2.759 2.756 2.760 2.757 2.756 
Raw X readings: 3.050 2.932 2.866 2.829 2.803 2.780 2.770 2.764 2.756 2.751 2.750 2.748 2.745 2.751 2.746 2.746 2.747  || Raw Y readings: 2.185 2.466 2.612 2.681 2.720 2.738 2.747 2.749 2.746 2.754 2.757 2.757 2.766 2.758 2.758 2.764 2.758 
Raw X readings: 3.052 2.934 2.869 2.826 2.803 2.782 2.771 2.762 2.755 2.754 2.748 2.748 2.746 2.746 2.748 2.745 2.744  || Raw Y readings: 2.182 2.464 2.610 2.680 2.720 2.738 2.743 2.750 2.750 2.751 2.754 2.754 2.756 2.760 2.757 2.757 2.757 
Raw X readings: 3.051 2.930 2.868 2.827 2.800 2.779 2.766 2.758 2.757 2.750 2.747 2.745 2.743 2.742 2.742 2.741 2.740  || Raw Y readings: 2.172 2.455 2.597 2.654 2.706 2.721 2.729 2.730 2.738 2.738 2.742 2.741 2.741 2.749 2.742 2.744 2.744 
Raw X readings: 3.050 2.929 2.866 2.827 2.798 2.779 2.765 2.757 2.752 2.749 2.745 2.745 2.744 2.742 2.741 2.742 2.742  || Raw Y readings: 2.171 2.454 2.596 2.667 2.709 2.722 2.729 2.734 2.737 2.738 2.740 2.742 2.742 2.743 2.745 2.742 2.742 
Raw X readings: 3.050 2.931 2.867 2.825 2.802 2.779 2.767 2.756 2.754 2.748 2.746 2.744 2.742 2.744 2.741 2.742 2.740  || Raw Y readings: 2.177 2.452 2.596 2.671 2.708 2.725 2.734 2.737 2.737 2.737 2.741 2.742 2.742 2.740 2.742 2.742 2.742 
Raw X readings: 3.051 2.933 2.870 2.829 2.802 2.781 2.769 2.760 2.754 2.754 2.748 2.748 2.747 2.747 2.746 2.748 2.746  || Raw Y readings: 2.185 2.464 2.610 2.691 2.719 2.737 2.746 2.750 2.748 2.754 2.757 2.763 2.758 2.758 2.758 2.763 2.754 
Raw X readings: 3.049 2.934 2.869 2.827 2.802 2.783 2.771 2.761 2.755 2.753 2.750 2.750 2.747 2.747 2.748 2.746 2.748  || Raw Y readings: 2.190 2.464 2.609 2.683 2.718 2.738 2.749 2.749 2.750 2.750 2.754 2.757 2.758 2.758 2.757 2.759 2.759 
Raw X readings: 3.050 2.933 2.868 2.828 2.798 2.783 2.768 2.755 2.757 2.753 2.751 2.750 2.747 2.747 2.746 2.746 2.746  || Raw Y readings: 2.190 2.468 2.611 2.685 2.721 2.740 2.751 2.751 2.751 2.752 2.756 2.756 2.760 2.759 2.760 2.760 2.762 
Raw X readings: 3.050 2.934 2.866 2.825 2.791 2.779 2.768 2.758 2.750 2.750 2.746 2.746 2.744 2.742 2.739 2.742 2.742  || Raw Y readings: 2.173 2.452 2.597 2.667 2.704 2.722 2.725 2.735 2.731 2.738 2.740 2.739 2.744 2.738 2.740 2.728 2.744 
Raw X readings: 3.048 2.933 2.868 2.824 2.798 2.779 2.767 2.741 2.753 2.750 2.748 2.744 2.744 2.740 2.741 2.741 2.740  || Raw Y readings: 2.169 2.454 2.596 2.667 2.706 2.725 2.731 2.732 2.736 2.717 2.742 2.742 2.738 2.742 2.743 2.743 2.746 
Raw X readings: 3.049 2.932 2.866 2.824 2.796 2.779 2.762 2.757 2.754 2.747 2.745 2.745 2.750 2.758 2.744 2.742 2.742  || Raw Y readings: 2.167 2.449 2.598 2.670 2.705 2.721 2.731 2.732 2.734 2.723 2.738 2.743 2.742 2.740 2.742 2.741 2.744 
Raw X readings: 3.049 2.938 2.870 2.828 2.800 2.783 2.771 2.762 2.758 2.753 2.757 2.748 2.747 2.746 2.747 2.745 2.746  || Raw Y readings: 2.184 2.465 2.627 2.685 2.719 2.734 2.746 2.746 2.750 2.749 2.754 2.755 2.756 2.759 2.756 2.758 2.758 
Raw X readings: 3.050 2.932 2.870 2.844 2.802 2.780 2.771 2.762 2.755 2.752 2.752 2.748 2.750 2.746 2.746 2.748 2.746  || Raw Y readings: 2.185 2.467 2.609 2.681 2.720 2.736 2.746 2.747 2.746 2.750 2.753 2.756 2.762 2.757 2.760 2.758 2.758 
Raw X readings: 3.049 2.929 2.870 2.825 2.800 2.782 2.771 2.764 2.756 2.752 2.749 2.747 2.749 2.748 2.746 2.746 2.749  || Raw Y readings: 2.187 2.468 2.613 2.683 2.718 2.730 2.746 2.750 2.750 2.751 2.752 2.755 2.758 2.758 2.761 2.760 2.761 
Raw X readings: 3.049 2.928 2.866 2.822 2.798 2.776 2.767 2.759 2.757 2.750 2.746 2.745 2.745 2.739 2.743 2.742 2.745  || Raw Y readings: 2.177 2.455 2.598 2.649 2.705 2.724 2.729 2.733 2.736 2.738 2.740 2.741 2.741 2.745 2.742 2.748 2.743 
Raw X readings: 3.051 2.933 2.870 2.826 2.781 2.778 2.769 2.761 2.754 2.750 2.745 2.743 2.742 2.743 2.743 2.743 2.743  || Raw Y readings: 2.175 2.455 2.601 2.671 2.712 2.723 2.733 2.738 2.735 2.740 2.741 2.740 2.742 2.742 2.742 2.740 2.746 
Raw X readings: 3.049 2.932 2.867 2.826 2.796 2.778 2.766 2.757 2.750 2.748 2.746 2.744 2.742 2.741 2.742 2.738 2.743  || Raw Y readings: 2.168 2.458 2.596 2.671 2.711 2.725 2.736 2.734 2.736 2.735 2.741 2.744 2.742 2.745 2.742 2.743 2.742 
Raw X readings: 3.049 2.932 2.870 2.828 2.800 2.780 2.771 2.762 2.754 2.752 2.750 2.750 2.748 2.747 2.746 2.739 2.745  || Raw Y readings: 2.188 2.469 2.609 2.684 2.720 2.739 2.746 2.751 2.752 2.750 2.755 2.770 2.758 2.761 2.757 2.762 2.762 
Raw X readings: 3.049 2.933 2.869 2.829 2.800 2.780 2.767 2.762 2.755 2.752 2.751 2.746 2.746 2.748 2.746 2.747 2.746  || Raw Y readings: 2.189 2.468 2.615 2.689 2.719 2.738 2.748 2.748 2.752 2.750 2.751 2.758 2.758 2.757 2.759 2.759 2.760 
Raw X readings: 3.050 2.933 2.868 2.824 2.799 2.779 2.768 2.761 2.755 2.750 2.749 2.746 2.754 2.747 2.747 2.750 2.748  || Raw Y readings: 2.188 2.464 2.601 2.686 2.721 2.744 2.745 2.751 2.751 2.750 2.754 2.729 2.760 2.757 2.760 2.757 2.758 
Raw X readings: 3.051 2.932 2.868 2.825 2.798 2.780 2.767 2.758 2.754 2.747 2.746 2.746 2.745 2.742 2.743 2.743 2.742  || Raw Y readings: 2.179 2.455 2.600 2.679 2.708 2.725 2.733 2.738 2.736 2.743 2.742 2.740 2.744 2.744 2.746 2.744 2.743 
Raw X readings: 3.049 2.933 2.868 2.826 2.798 2.779 2.767 2.763 2.752 2.743 2.748 2.747 2.744 2.744 2.742 2.743 2.741  || Raw Y readings: 2.177 2.455 2.600 2.670 2.709 2.725 2.733 2.734 2.736 2.733 2.740 2.742 2.741 2.743 2.743 2.746 2.742 
Raw X readings: 3.050 2.934 2.868 2.827 2.797 2.778 2.772 2.758 2.754 2.751 2.748 2.745 2.745 2.746 2.744 2.742 2.743  || Raw Y readings: 2.178 2.455 2.601 2.673 2.706 2.729 2.733 2.737 2.736 2.732 2.741 2.737 2.742 2.741 2.742 2.742 2.746 
Raw X readings: 3.049 2.933 2.870 2.825 2.800 2.782 2.767 2.762 2.757 2.758 2.750 2.750 2.747 2.746 2.748 2.750 2.747  || Raw Y readings: 2.189 2.467 2.615 2.684 2.721 2.742 2.746 2.752 2.750 2.751 2.751 2.756 2.758 2.756 2.758 2.762 2.758 
Raw X readings: 3.052 2.933 2.868 2.825 2.799 2.781 2.770 2.761 2.755 2.752 2.749 2.750 2.748 2.746 2.744 2.746 2.746  || Raw Y readings: 2.185 2.467 2.614 2.685 2.719 2.738 2.747 2.752 2.754 2.752 2.750 2.753 2.758 2.757 2.759 2.761 2.760 
Raw X readings: 3.052 2.933 2.868 2.828 2.804 2.779 2.770 2.768 2.755 2.756 2.751 2.747 2.746 2.746 2.746 2.748 2.748  || Raw Y readings: 2.187 2.468 2.610 2.684 2.721 2.735 2.748 2.754 2.749 2.751 2.753 2.754 2.756 2.758 2.760 2.758 2.761 
Raw X readings: 3.047 2.933 2.867 2.824 2.796 2.776 2.766 2.758 2.751 2.747 2.746 2.742 2.742 2.742 2.741 2.739 2.741  || Raw Y readings: 2.176 2.455 2.603 2.670 2.707 2.725 2.735 2.734 2.735 2.736 2.737 2.742 2.742 2.741 2.746 2.739 2.742 
Raw X readings: 3.049 2.933 2.868 2.825 2.798 2.779 2.767 2.758 2.752 2.740 2.746 2.745 2.739 2.746 2.741 2.742 2.745  || Raw Y readings: 2.177 2.456 2.596 2.671 2.705 2.722 2.730 2.737 2.738 2.735 2.738 2.741 2.743 2.742 2.742 2.744 2.744 
Raw X readings: 3.049 2.933 2.868 2.823 2.797 2.777 2.763 2.755 2.752 2.746 2.746 2.744 2.746 2.736 2.742 2.742 2.742  || Raw Y readings: 2.174 2.457 2.596 2.671 2.707 2.725 2.735 2.738 2.736 2.743 2.737 2.741 2.742 2.740 2.742 2.742 2.743 
Raw X readings: 3.049 2.933 2.860 2.826 2.800 2.780 2.761 2.760 2.754 2.749 2.750 2.749 2.749 2.747 2.748 2.753 2.745  || Raw Y readings: 2.188 2.467 2.613 2.685 2.719 2.746 2.745 2.750 2.752 2.750 2.754 2.754 2.757 2.758 2.759 2.760 2.759 
Raw X readings: 3.051 2.932 2.868 2.829 2.800 2.783 2.771 2.762 2.761 2.754 2.751 2.747 2.747 2.749 2.747 2.746 2.746  || Raw Y readings: 2.188 2.474 2.615 2.687 2.719 2.741 2.748 2.754 2.754 2.752 2.751 2.752 2.757 2.758 2.759 2.762 2.760 
Raw X readings: 3.051 2.933 2.870 2.823 2.800 2.783 2.769 2.761 2.756 2.750 2.751 2.748 2.747 2.748 2.747 2.748 2.747  || Raw Y readings: 2.186 2.467 2.614 2.684 2.721 2.735 2.744 2.752 2.750 2.753 2.752 2.750 2.758 2.758 2.758 2.764 2.760 
Raw X readings: 3.053 2.933 2.871 2.828 2.800 2.779 2.767 2.759 2.750 2.738 2.747 2.746 2.746 2.742 2.744 2.742 2.742  || Raw Y readings: 2.176 2.456 2.601 2.671 2.708 2.725 2.733 2.739 2.736 2.738 2.738 2.741 2.745 2.742 2.743 2.743 2.742 
Raw X readings: 3.050 2.933 2.869 2.822 2.797 2.779 2.763 2.758 2.753 2.752 2.746 2.750 2.742 2.743 2.741 2.742 2.742  || Raw Y readings: 2.174 2.455 2.605 2.672 2.707 2.722 2.732 2.738 2.738 2.733 2.737 2.741 2.742 2.742 2.747 2.742 2.743 
Raw X readings: 3.049 2.933 2.870 2.825 2.798 2.779 2.765 2.754 2.754 2.749 2.744 2.745 2.746 2.744 2.745 2.738 2.742  || Raw Y readings: 2.177 2.454 2.596 2.671 2.706 2.722 2.731 2.740 2.735 2.738 2.738 2.738 2.742 2.742 2.743 2.742 2.742 
Raw X readings: 3.050 2.932 2.858 2.828 2.800 2.781 2.771 2.761 2.754 2.751 2.749 2.749 2.744 2.746 2.747 2.745 2.747  || Raw Y readings: 2.188 2.468 2.611 2.684 2.719 2.747 2.746 2.750 2.754 2.751 2.750 2.760 2.754 2.758 2.756 2.759 2.764 
Raw X readings: 3.051 2.929 2.865 2.832 2.803 2.760 2.769 2.762 2.756 2.750 2.750 2.750 2.749 2.747 2.746 2.744 2.746  || Raw Y readings: 2.187 2.467 2.614 2.686 2.720 2.734 2.746 2.746 2.750 2.753 2.752 2.751 2.754 2.757 2.759 2.759 2.758 
Raw X readings: 3.049 2.932 2.874 2.829 2.798 2.780 2.778 2.762 2.757 2.754 2.753 2.748 2.748 2.750 2.748 2.747 2.746  || Raw Y readings: 2.187 2.468 2.611 2.684 2.720 2.738 2.747 2.747 2.753 2.752 2.753 2.762 2.755 2.758 2.758 2.758 2.761 
Raw X readings: 3.049 2.933 2.869 2.828 2.802 2.779 2.767 2.762 2.754 2.750 2.750 2.746 2.745 2.744 2.743 2.745 2.745  || Raw Y readings: 2.177 2.456 2.596 2.673 2.708 2.727 2.733 2.739 2.735 2.737 2.737 2.741 2.741 2.745 2.744 2.746 2.743 