
Raw X readings: 1.442 1.442 1.446 1.446 1.446 1.442 1.447 1.447 1.446 1.446 1.446 1.447 1.448 1.446 1.448 1.446 1.442  || Raw Y readings: 1.421 1.418 1.416 1.419 1.418 1.415 1.416 1.418 1.418 1.418 1.418 1.417 1.417 1.422 1.415 1.416 1.418 
Raw X readings: 1.444 1.447 1.447 1.445 1.445 1.444 1.446 1.448 1.444 1.443 1.443 1.429 1.444 1.443 1.442 1.447 1.442  || Raw Y readings: 1.414 1.417 1.416 1.415 1.415 1.414 1.416 1.418 1.418 1.414 1.415 1.417 1.418 1.416 1.417 1.417 1.418 
Raw X readings: 1.442 1.447 1.442 1.442 1.446 1.443 1.444 1.447 1.442 1.445 1.445 1.441 1.440 1.445 1.447 1.446 1.445  || Raw Y readings: 1.415 1.415 1.422 1.415 1.418 1.413 1.417 1.415 1.417 1.418 1.410 1.415 1.415 1.416 1.418 1.418 1.415 
Raw X readings: 1.442 1.442 1.443 1.443 1.443 1.463 1.450 1.442 1.455 1.442 1.444 1.442 1.442 1.443 1.445 1.448 1.445  || Raw Y readings: 1.416 1.417 1.416 1.417 1.416 1.417 1.413 1.413 1.414 1.417 1.417 1.416 1.416 1.416 1.413 1.416 1.416 
Raw X readings: 1.441 1.442 1.446 1.442 1.445 1.446 1.446 1.443 1.446 1.443 1.447 1.442 1.446 1.446 1.451 1.445 1.443  || Raw Y readings: 1.415 1.417 1.418 1.418 1.399 1.418 1.418 1.420 1.414 1.418 1.418 1.418 1.419 1.417 1.418 1.409 1.417 
Raw X readings: 1.443 1.442 1.446 1.442 1.445 1.446 1.446 1.442 1.446 1.463 1.447 1.447 1.443 1.439 1.446 1.445 1.440  || Raw Y readings: 1.416 1.416 1.416 1.410 1.422 1.414 1.421 1.416 1.418 1.417 1.419 1.413 1.408 1.413 1.416 1.417 1.420 
Raw X readings: 1.445 1.447 1.447 1.442 1.448 1.445 1.447 1.449 1.447 1.445 1.443 1.442 1.446 1.441 1.442 1.446 1.446  || Raw Y readings: 1.413 1.418 1.422 1.420 1.417 1.417 1.418 1.416 1.419 1.416 1.422 1.417 1.416 1.416 1.417 1.413 1.418 
Raw X readings: 1.446 1.443 1.456 1.446 1.447 1.460 1.440 1.442 1.446 1.442 1.445 1.455 1.443 1.463 1.448 1.443 1.446  || Raw Y readings: 1.411 1.417 1.417 1.414 1.416 1.416 1.413 1.420 1.414 1.415 1.410 1.416 1.416 1.414 1.422 1.420 1.413 
Raw X readings: 1.443 1.443 1.442 1.442 1.443 1.442 1.446 1.446 1.445 1.441 1.446 1.446 1.446 1.442 1.447 1.442 1.446  || Raw Y readings: 1.418 1.410 1.413 1.415 1.415 1.417 1.413 1.417 1.419 1.416 1.415 1.415 1.416 1.416 1.418 1.416 1.415 
Raw X readings: 1.442 1.438 1.453 1.443 1.439 1.447 1.448 1.446 1.443 1.442 1.445 1.449 1.438 1.443 1.449 1.442 1.442  || Raw Y readings: 1.415 1.415 1.415 1.418 1.411 1.417 1.419 1.415 1.416 1.416 1.413 1.416 1.414 1.426 1.414 1.420 1.415 
Raw X readings: 1.449 1.446 1.442 1.449 1.447 1.443 1.446 1.447 1.446 1.447 1.442 1.447 1.442 1.443 1.446 1.448 1.447  || Raw Y readings: 1.418 1.417 1.426 1.417 1.418 1.418 1.418 1.418 1.419 1.422 1.421 1.424 1.414 1.420 1.418 1.413 1.418 
Raw X readings: 1.448 1.446 1.443 1.442 1.445 1.442 1.442 1.443 1.446 1.443 1.445 1.445 1.442 1.445 1.445 1.442 1.443  || Raw Y readings: 1.418 1.414 1.417 1.417 1.417 1.418 1.415 1.418 1.417 1.410 1.417 1.417 1.423 1.416 1.416 1.422 1.415 
Raw X readings: 1.441 1.446 1.447 1.442 1.444 1.447 1.446 1.442 1.448 1.447 1.441 1.446 1.446 1.447 1.446 1.443 1.446  || Raw Y readings: 1.420 1.417 1.416 1.414 1.418 1.415 1.413 1.416 1.416 1.418 1.414 1.418 1.422 1.416 1.418 1.418 1.424 
Raw X readings: 1.446 1.444 1.447 1.447 1.443 1.447 1.446 1.445 1.443 1.442 1.439 1.452 1.446 1.443 1.447 1.447 1.442  || Raw Y readings: 1.412 1.418 1.418 1.416 1.415 1.416 1.413 1.413 1.417 1.414 1.415 1.415 1.416 1.418 1.415 1.418 1.414 
Raw X readings: 1.443 1.446 1.447 1.445 1.445 1.446 1.445 1.446 1.447 1.426 1.446 1.444 1.442 1.443 1.442 1.439 1.442  || Raw Y readings: 1.416 1.416 1.415 1.417 1.415 1.414 1.415 1.412 1.416 1.418 1.416 1.416 1.418 1.415 1.411 1.416 1.417 
Raw X readings: 1.447 1.447 1.446 1.446 1.443 1.441 1.447 1.443 1.443 1.443 1.443 1.447 1.447 1.446 1.432 1.442 1.442  || Raw Y readings: 1.416 1.413 1.417 1.415 1.414 1.416 1.416 1.414 1.416 1.417 1.414 1.418 1.415 1.416 1.416 1.419 1.414 
Raw X readings: 1.441 1.447 1.447 1.440 1.446 1.443 1.446 1.446 1.446 1.444 1.446 1.442 1.451 1.443 1.446 1.443 1.442  || Raw Y readings: 1.417 1.418 1.414 1.417 1.414 1.418 1.416 1.418 1.418 1.416 1.418 1.419 1.417 1.416 1.416 1.418 1.414 
Raw X readings: 1.451 1.447 1.446 1.444 1.447 1.446 1.445 1.442 1.446 1.442 1.447 1.447 1.442 1.447 1.442 1.446 1.454  || Raw Y readings: 1.417 1.415 1.419 1.418 1.413 1.418 1.413 1.401 1.416 1.413 1.416 1.417 1.418 1.418 1.419 1.413 1.417 
Raw X readings: 1.442 1.445 1.443 1.442 1.446 1.446 1.443 1.446 1.446 1.442 1.441 1.448 1.443 1.443 1.451 1.448 1.445  || Raw Y readings: 1.417 1.417 1.417 1.418 1.416 1.414 1.415 1.418 1.413 1.418 1.418 1.423 1.418 1.417 1.417 1.421 1.416 
Raw X readings: 1.443 1.440 1.443 1.447 1.442 1.453 1.446 1.441 1.442 1.443 1.446 1.441 1.446 1.443 1.443 1.442 1.442  || Raw Y readings: 1.414 1.415 1.417 1.415 1.417 1.414 1.415 1.421 1.417 1.418 1.414 1.414 1.418 1.405 1.419 1.418 1.410 
Raw X readings: 1.445 1.442 1.446 1.446 1.447 1.438 1.448 1.446 1.443 1.442 1.447 1.442 1.443 1.442 1.450 1.444 1.443  || Raw Y readings: 1.415 1.417 1.417 1.413 1.415 1.416 1.414 1.415 1.416 1.415 1.415 1.414 1.416 1.422 1.420 1.414 1.415 
Raw X readings: 1.443 1.447 1.443 1.447 1.457 1.446 1.443 1.443 1.446 1.443 1.447 1.446 1.445 1.447 1.443 1.443 1.445  || Raw Y readings: 1.417 1.418 1.418 1.422 1.413 1.416 1.416 1.416 1.415 1.413 1.415 1.401 1.415 1.415 1.416 1.420 1.417 
Raw X readings: 1.447 1.447 1.446 1.446 1.442 1.442 1.445 1.443 1.447 1.447 1.445 1.445 1.443 1.443 1.445 1.442 1.446  || Raw Y readings: 1.416 1.416 1.415 1.418 1.418 1.409 1.418 1.417 1.411 1.417 1.418 1.416 1.419 1.415 1.416 1.411 1.418 
Raw X readings: 1.440 1.446 1.446 1.449 1.443 1.447 1.442 1.445 1.446 1.443 1.445 1.443 1.453 1.443 1.446 1.449 1.445  || Raw Y readings: 1.416 1.414 1.418 1.419 1.421 1.413 1.418 1.415 1.424 1.417 1.416 1.413 1.418 1.417 1.418 1.415 1.417 
Raw X readings: 1.443 1.446 1.445 1.446 1.445 1.445 1.442 1.449 1.446 1.447 1.445 1.447 1.446 1.445 1.443 1.443 1.443  || Raw Y readings: 1.416 1.416 1.417 1.417 1.416 1.409 1.414 1.416 1.418 1.420 1.426 1.419 1.420 1.414 1.417 1.413 1.419 
Raw X readings: 1.442 1.446 1.446 1.446 1.433 1.447 1.446 1.445 1.443 1.443 1.446 1.443 1.447 1.437 1.446 1.449 1.451  || Raw Y readings: 1.416 1.416 1.416 1.406 1.415 1.411 1.404 1.413 1.417 1.416 1.415 1.417 1.418 1.414 1.415 1.414 1.414 
Raw X readings: 1.448 1.446 1.442 1.446 1.442 1.442 1.447 1.442 1.442 1.446 1.446 1.448 1.445 1.446 1.443 1.442 1.446  || Raw Y readings: 1.395 1.418 1.405 1.415 1.418 1.415 1.419 1.417 1.421 1.417 1.409 1.416 1.415 1.418 1.417 1.416 1.414 
Raw X readings: 1.445 1.450 1.446 1.446 1.443 1.442 1.447 1.446 1.446 1.435 1.442 1.443 1.439 1.442 1.443 1.447 1.443  || Raw Y readings: 1.417 1.414 1.415 1.421 1.415 1.414 1.419 1.414 1.416 1.414 1.411 1.414 1.417 1.418 1.411 1.418 1.416 
Raw X readings: 1.442 1.442 1.443 1.442 1.447 1.442 1.443 1.448 1.442 1.443 1.445 1.445 1.450 1.442 1.447 1.436 1.443  || Raw Y readings: 1.410 1.419 1.418 1.416 1.420 1.416 1.410 1.418 1.419 1.416 1.418 1.416 1.416 1.427 1.420 1.420 1.411 
Raw X readings: 1.442 1.445 1.446 1.446 1.451 1.446 1.448 1.443 1.446 1.442 1.446 1.446 1.447 1.443 1.447 1.451 1.442  || Raw Y readings: 1.418 1.420 1.422 1.418 1.417 1.417 1.417 1.416 1.419 1.416 1.419 1.416 1.417 1.418 1.420 1.416 1.417 
Raw X readings: 1.443 1.443 1.447 1.444 1.443 1.442 1.447 1.447 1.447 1.453 1.447 1.446 1.442 1.445 1.442 1.445 1.443  || Raw Y readings: 1.418 1.426 1.417 1.418 1.415 1.415 1.418 1.418 1.416 1.418 1.418 1.418 1.418 1.415 1.417 1.419 1.420 
Raw X readings: 1.446 1.442 1.442 1.442 1.445 1.445 1.446 1.442 1.444 1.445 1.448 1.443 1.446 1.446 1.447 1.445 1.449  || Raw Y readings: 1.413 1.415 1.418 1.416 1.416 1.414 1.413 1.415 1.414 1.413 1.411 1.415 1.415 1.413 1.414 1.417 1.416 
Raw X readings: 1.446 1.447 1.442 1.440 1.438 1.445 1.446 1.442 1.446 1.446 1.445 1.443 1.447 1.445 1.444 1.446 1.445  || Raw Y readings: 1.415 1.417 1.413 1.419 1.416 1.414 1.414 1.414 1.418 1.415 1.418 1.416 1.414 1.411 1.418 1.416 1.421 
Raw X readings: 1.446 1.442 1.447 1.445 1.439 1.446 1.446 1.447 1.443 1.447 1.442 1.442 1.442 1.443 1.447 1.442 1.448  || Raw Y readings: 1.416 1.418 1.416 1.419 1.415 1.418 1.413 1.414 1.413 1.418 1.415 1.415 1.417 1.413 1.415 1.414 1.414 
Raw X readings: 1.442 1.447 1.447 1.446 1.445 1.446 1.446 1.447 1.442 1.442 1.446 1.446 1.451 1.443 1.446 1.441 1.442  || Raw Y readings: 1.417 1.417 1.417 1.416 1.416 1.417 1.415 1.418 1.417 1.418 1.418 1.417 1.417 1.417 1.416 1.418 1.418 
Raw X readings: 1.442 1.443 1.442 1.445 1.446 1.452 1.445 1.448 1.442 1.447 1.443 1.443 1.439 1.447 1.443 1.459 1.447  || Raw Y readings: 1.416 1.411 1.418 1.418 1.415 1.419 1.421 1.417 1.417 1.418 1.419 1.421 1.410 1.417 1.417 1.416 1.416 
Raw X readings: 1.445 1.438 1.446 1.442 1.445 1.445 1.447 1.447 1.447 1.445 1.443 1.445 1.443 1.448 1.443 1.438 1.446  || Raw Y readings: 1.416 1.417 1.415 1.415 1.417 1.416 1.418 1.419 1.416 1.416 1.419 1.415 1.415 1.417 1.414 1.418 1.420 
Raw X readings: 1.439 1.446 1.447 1.448 1.445 1.443 1.445 1.445 1.442 1.442 1.449 1.443 1.443 1.442 1.445 1.447 1.446  || Raw Y readings: 1.416 1.416 1.416 1.421 1.418 1.414 1.415 1.413 1.416 1.413 1.416 1.413 1.399 1.414 1.413 1.409 1.416 
Raw X readings: 1.446 1.450 1.446 1.446 1.445 1.446 1.443 1.447 1.445 1.446 1.445 1.445 1.447 1.440 1.443 1.442 1.438  || Raw Y readings: 1.411 1.414 1.416 1.412 1.413 1.414 1.427 1.416 1.414 1.417 1.413 1.414 1.417 1.417 1.413 1.414 1.415 
Raw X readings: 1.446 1.447 1.446 1.442 1.442 1.446 1.443 1.455 1.445 1.443 1.445 1.447 1.442 1.443 1.446 1.445 1.448  || Raw Y readings: 1.412 1.416 1.412 1.408 1.416 1.413 1.417 1.413 1.416 1.413 1.416 1.414 1.405 1.413 1.417 1.413 1.419 
Raw X readings: 1.447 1.447 1.441 1.443 1.447 1.451 1.442 1.445 1.446 1.442 1.446 1.445 1.445 1.446 1.447 1.443 1.446  || Raw Y readings: 1.415 1.416 1.416 1.419 1.417 1.416 1.416 1.419 1.416 1.420 1.418 1.416 1.419 1.417 1.419 1.419 1.414 
Raw X readings: 1.445 1.442 1.443 1.447 1.446 1.449 1.443 1.445 1.442 1.450 1.451 1.443 1.441 1.442 1.447 1.447 1.446  || Raw Y readings: 1.418 1.417 1.418 1.417 1.420 1.418 1.419 1.416 1.419 1.414 1.420 1.414 1.417 1.418 1.416 1.419 1.416 
Raw X readings: 1.442 1.445 1.445 1.442 1.442 1.443 1.443 1.442 1.445 1.443 1.443 1.446 1.441 1.443 1.442 1.446 1.442  || Raw Y readings: 1.414 1.411 1.414 1.414 1.439 1.418 1.417 1.418 1.416 1.415 1.414 1.417 1.418 1.418 1.418 1.418 1.415 
Raw X readings: 1.448 1.447 1.445 1.447 1.445 1.447 1.440 1.444 1.443 1.446 1.445 1.443 1.446 1.455 1.442 1.447 1.447  || Raw Y readings: 1.422 1.410 1.414 1.422 1.414 1.414 1.415 1.413 1.416 1.413 1.417 1.413 1.416 1.415 1.414 1.414 1.417 
Raw X readings: 1.442 1.451 1.439 1.440 1.442 1.447 1.443 1.448 1.445 1.446 1.439 1.443 1.445 1.447 1.443 1.445 1.442  || Raw Y readings: 1.417 1.415 1.416 1.413 1.413 1.413 1.413 1.416 1.405 1.415 1.413 1.415 1.414 1.412 1.414 1.417 1.414 
Raw X readings: 1.449 1.445 1.445 1.444 1.452 1.442 1.444 1.443 1.445 1.442 1.447 1.445 1.447 1.445 1.443 1.442 1.447  || Raw Y readings: 1.416 1.418 1.418 1.415 1.416 1.413 1.413 1.413 1.417 1.415 1.413 1.417 1.422 1.417 1.416 1.422 1.417 
Raw X readings: 1.442 1.445 1.445 1.443 1.447 1.449 1.442 1.445 1.449 1.443 1.443 1.440 1.442 1.447 1.457 1.447 1.440  || Raw Y readings: 1.417 1.418 1.419 1.416 1.420 1.418 1.415 1.401 1.422 1.416 1.413 1.417 1.420 1.418 1.417 1.417 1.411 
Raw X readings: 1.446 1.444 1.446 1.445 1.443 1.443 1.443 1.442 1.443 1.442 1.442 1.443 1.447 1.446 1.442 1.443 1.447  || Raw Y readings: 1.418 1.418 1.417 1.415 1.417 1.422 1.415 1.417 1.425 1.418 1.418 1.413 1.416 1.419 1.420 1.418 1.416 
Raw X readings: 1.443 1.447 1.443 1.445 1.443 1.445 1.447 1.442 1.445 1.447 1.446 1.449 1.447 1.443 1.451 1.446 1.442  || Raw Y readings: 1.417 1.409 1.418 1.417 1.417 1.416 1.414 1.417 1.418 1.411 1.416 1.416 1.418 1.418 1.410 1.413 1.417 
Raw X readings: 1.443 1.446 1.446 1.447 1.445 1.443 1.423 1.446 1.446 1.443 1.446 1.446 1.442 1.442 1.447 1.445 1.440  || Raw Y readings: 1.414 1.416 1.417 1.418 1.420 1.416 1.423 1.413 1.419 1.416 1.416 1.416 1.430 1.415 1.416 1.415 1.410 
Raw X readings: 1.442 1.445 1.442 1.443 1.443 1.447 1.446 1.447 1.446 1.443 1.442 1.446 1.443 1.441 1.445 1.446 1.442  || Raw Y readings: 1.417 1.417 1.414 1.413 1.416 1.416 1.420 1.413 1.419 1.414 1.414 1.415 1.414 1.414 1.415 1.413 1.413 
Raw X readings: 1.442 1.442 1.445 1.446 1.443 1.443 1.446 1.448 1.446 1.446 1.439 1.445 1.439 1.442 1.442 1.442 1.438  || Raw Y readings: 1.412 1.415 1.418 1.421 1.418 1.417 1.415 1.416 1.417 1.414 1.414 1.416 1.411 1.413 1.417 1.419 1.414 
Raw X readings: 1.447 1.438 1.449 1.445 1.445 1.440 1.447 1.447 1.447 1.442 1.445 1.446 1.445 1.447 1.441 1.443 1.446  || Raw Y readings: 1.417 1.413 1.417 1.419 1.417 1.417 1.420 1.416 1.416 1.419 1.416 1.413 1.417 1.419 1.413 1.416 1.417 
Raw X readings: 1.446 1.446 1.446 1.442 1.447 1.447 1.446 1.445 1.443 1.446 1.447 1.445 1.446 1.445 1.441 1.448 1.446  || Raw Y readings: 1.419 1.420 1.416 1.417 1.416 1.418 1.416 1.418 1.417 1.418 1.418 1.419 1.416 1.422 1.417 1.418 1.415 
Raw X readings: 1.446 1.442 1.442 1.446 1.442 1.445 1.447 1.445 1.443 1.445 1.445 1.446 1.445 1.446 1.436 1.446 1.442  || Raw Y readings: 1.417 1.416 1.418 1.414 1.419 1.416 1.416 1.420 1.415 1.417 1.425 1.418 1.418 1.417 1.423 1.414 1.418 
Raw X readings: 1.442 1.445 1.447 1.446 1.447 1.446 1.436 1.446 1.443 1.447 1.451 1.442 1.442 1.448 1.443 1.446 1.442  || Raw Y readings: 1.418 1.418 1.415 1.421 1.417 1.414 1.419 1.415 1.414 1.416 1.418 1.416 1.413 1.414 1.420 1.417 1.411 
Raw X readings: 1.445 1.443 1.445 1.447 1.443 1.445 1.447 1.443 1.443 1.442 1.440 1.446 1.442 1.443 1.443 1.446 1.442  || Raw Y readings: 1.416 1.415 1.416 1.415 1.417 1.413 1.413 1.417 1.426 1.416 1.422 1.416 1.414 1.417 1.415 1.420 1.410 
Raw X readings: 1.442 1.445 1.447 1.447 1.446 1.447 1.445 1.442 1.443 1.438 1.446 1.443 1.445 1.445 1.442 1.446 1.445  || Raw Y readings: 1.417 1.414 1.421 1.418 1.416 1.418 1.414 1.416 1.414 1.416 1.418 1.418 1.416 1.413 1.410 1.422 1.416 
Raw X readings: 1.446 1.449 1.449 1.442 1.448 1.445 1.448 1.447 1.446 1.448 1.448 1.455 1.448 1.449 1.447 1.448 1.447  || Raw Y readings: 1.418 1.420 1.416 1.426 1.419 1.421 1.417 1.421 1.420 1.423 1.423 1.422 1.422 1.422 1.421 1.422 1.421 
Raw X readings: 1.450 1.452 1.447 1.448 1.446 1.447 1.449 1.447 1.449 1.448 1.449 1.447 1.447 1.447 1.450 1.448 1.448  || Raw Y readings: 1.420 1.419 1.421 1.421 1.419 1.422 1.420 1.422 1.418 1.422 1.426 1.422 1.422 1.423 1.422 1.420 1.419 
Raw X readings: 1.446 1.446 1.447 1.447 1.446 1.446 1.447 1.446 1.446 1.447 1.443 1.447 1.445 1.448 1.442 1.446 1.443  || Raw Y readings: 1.419 1.416 1.418 1.419 1.420 1.417 1.419 1.419 1.420 1.418 1.421 1.419 1.422 1.411 1.426 1.420 1.419 
Raw X readings: 1.447 1.446 1.447 1.447 1.446 1.447 1.447 1.446 1.445 1.446 1.447 1.446 1.455 1.444 1.447 1.447 1.447  || Raw Y readings: 1.411 1.420 1.418 1.419 1.420 1.420 1.416 1.420 1.405 1.420 1.419 1.410 1.419 1.417 1.416 1.418 1.420 
Raw X readings: 1.447 1.447 1.447 1.447 1.448 1.448 1.447 1.446 1.447 1.447 1.448 1.447 1.443 1.447 1.446 1.438 1.452  || Raw Y readings: 1.416 1.422 1.421 1.418 1.418 1.418 1.418 1.420 1.422 1.417 1.417 1.419 1.418 1.418 1.416 1.414 1.416 
Raw X readings: 1.451 1.447 1.447 1.446 1.448 1.448 1.447 1.442 1.447 1.448 1.447 1.446 1.442 1.447 1.446 1.451 1.443  || Raw Y readings: 1.418 1.407 1.418 1.419 1.418 1.418 1.416 1.421 1.417 1.417 1.418 1.418 1.418 1.418 1.418 1.413 1.420 
Raw X readings: 1.447 1.447 1.447 1.446 1.445 1.451 1.449 1.446 1.453 1.443 1.446 1.443 1.447 1.447 1.447 1.455 1.448  || Raw Y readings: 1.418 1.420 1.418 1.421 1.420 1.420 1.426 1.409 1.419 1.419 1.423 1.419 1.419 1.418 1.419 1.421 1.420 
Raw X readings: 1.447 1.447 1.447 1.445 1.451 1.447 1.446 1.449 1.447 1.447 1.447 1.448 1.447 1.446 1.449 1.449 1.448  || Raw Y readings: 1.420 1.420 1.422 1.434 1.420 1.418 1.420 1.420 1.421 1.419 1.419 1.422 1.427 1.423 1.420 1.420 1.426 
Raw X readings: 1.449 1.447 1.449 1.448 1.442 1.448 1.447 1.448 1.449 1.449 1.450 1.448 1.449 1.448 1.446 1.448 1.450  || Raw Y readings: 1.420 1.425 1.421 1.425 1.421 1.422 1.422 1.420 1.422 1.421 1.425 1.420 1.422 1.422 1.422 1.421 1.422 
Raw X readings: 1.447 1.447 1.447 1.447 1.448 1.446 1.442 1.447 1.448 1.447 1.448 1.448 1.449 1.447 1.447 1.443 1.449  || Raw Y readings: 1.421 1.421 1.417 1.420 1.418 1.426 1.419 1.420 1.420 1.420 1.419 1.405 1.417 1.420 1.419 1.416 1.418 
Raw X readings: 1.447 1.446 1.453 1.451 1.447 1.447 1.448 1.447 1.449 1.448 1.446 1.446 1.455 1.447 1.448 1.447 1.447  || Raw Y readings: 1.418 1.417 1.419 1.418 1.419 1.418 1.418 1.418 1.418 1.421 1.417 1.416 1.419 1.419 1.417 1.418 1.419 
Raw X readings: 1.447 1.448 1.467 1.453 1.447 1.448 1.447 1.447 1.447 1.452 1.446 1.447 1.443 1.447 1.447 1.443 1.448  || Raw Y readings: 1.420 1.417 1.422 1.422 1.420 1.418 1.416 1.419 1.421 1.420 1.418 1.418 1.413 1.420 1.418 1.412 1.419 
Raw X readings: 1.445 1.446 1.447 1.448 1.447 1.447 1.447 1.451 1.446 1.447 1.441 1.448 1.451 1.450 1.453 1.447 1.446  || Raw Y readings: 1.420 1.422 1.429 1.420 1.421 1.417 1.422 1.420 1.421 1.418 1.422 1.420 1.419 1.417 1.419 1.421 1.418 
Raw X readings: 1.446 1.447 1.447 1.447 1.447 1.445 1.446 1.442 1.449 1.447 1.441 1.447 1.447 1.447 1.447 1.445 1.445  || Raw Y readings: 1.422 1.418 1.418 1.412 1.402 1.421 1.419 1.418 1.419 1.421 1.419 1.417 1.421 1.420 1.420 1.415 1.423 
Raw X readings: 1.446 1.446 1.443 1.449 1.437 1.447 1.446 1.446 1.451 1.448 1.448 1.446 1.446 1.447 1.448 1.446 1.455  || Raw Y readings: 1.421 1.427 1.419 1.420 1.422 1.418 1.411 1.421 1.420 1.421 1.417 1.422 1.418 1.422 1.418 1.415 1.419 
Raw X readings: 1.449 1.447 1.447 1.447 1.447 1.447 1.447 1.446 1.446 1.438 1.447 1.445 1.435 1.447 1.448 1.447 1.448  || Raw Y readings: 1.419 1.418 1.421 1.418 1.419 1.418 1.421 1.419 1.418 1.418 1.417 1.409 1.418 1.419 1.420 1.421 1.417 
Raw X readings: 1.444 1.448 1.445 1.448 1.447 1.447 1.447 1.448 1.447 1.447 1.447 1.446 1.447 1.443 1.449 1.455 1.447  || Raw Y readings: 1.417 1.420 1.413 1.418 1.417 1.419 1.418 1.417 1.423 1.418 1.417 1.409 1.416 1.417 1.419 1.418 1.416 
Raw X readings: 1.446 1.449 1.449 1.447 1.448 1.442 1.443 1.446 1.447 1.447 1.447 1.439 1.446 1.447 1.448 1.446 1.448  || Raw Y readings: 1.418 1.422 1.417 1.417 1.414 1.419 1.415 1.418 1.417 1.416 1.417 1.415 1.417 1.417 1.417 1.417 1.415 
Raw X readings: 1.447 1.448 1.447 1.429 1.447 1.443 1.447 1.448 1.440 1.448 1.447 1.447 1.447 1.451 1.448 1.446 1.447  || Raw Y readings: 1.418 1.418 1.418 1.413 1.418 1.420 1.418 1.421 1.420 1.421 1.415 1.419 1.420 1.422 1.419 1.420 1.419 
Raw X readings: 1.445 1.447 1.447 1.447 1.451 1.446 1.446 1.446 1.448 1.446 1.447 1.440 1.451 1.446 1.447 1.447 1.446  || Raw Y readings: 1.419 1.412 1.420 1.419 1.419 1.418 1.420 1.418 1.420 1.418 1.432 1.419 1.419 1.414 1.418 1.420 1.401 
Raw X readings: 1.447 1.447 1.445 1.445 1.447 1.447 1.447 1.448 1.446 1.442 1.446 1.446 1.445 1.451 1.448 1.447 1.451  || Raw Y readings: 1.418 1.412 1.419 1.426 1.418 1.414 1.417 1.419 1.420 1.418 1.421 1.418 1.421 1.418 1.419 1.418 1.416 
Raw X readings: 1.446 1.447 1.437 1.446 1.446 1.448 1.445 1.447 1.442 1.455 1.452 1.441 1.446 1.446 1.442 1.447 1.447  || Raw Y readings: 1.418 1.417 1.418 1.417 1.418 1.418 1.418 1.415 1.414 1.415 1.417 1.416 1.420 1.422 1.413 1.418 1.419 
Raw X readings: 1.446 1.443 1.449 1.447 1.443 1.445 1.443 1.447 1.449 1.442 1.446 1.449 1.449 1.441 1.446 1.442 1.445  || Raw Y readings: 1.419 1.418 1.418 1.417 1.418 1.418 1.416 1.415 1.425 1.419 1.418 1.417 1.418 1.422 1.419 1.418 1.419 
Raw X readings: 1.446 1.446 1.454 1.447 1.447 1.447 1.446 1.447 1.446 1.447 1.445 1.446 1.448 1.445 1.451 1.447 1.446  || Raw Y readings: 1.419 1.423 1.419 1.418 1.416 1.418 1.418 1.421 1.413 1.418 1.417 1.418 1.417 1.420 1.413 1.416 1.418 
Raw X readings: 1.443 1.443 1.446 1.446 1.445 1.447 1.447 1.447 1.447 1.446 1.445 1.463 1.447 1.448 1.447 1.449 1.447  || Raw Y readings: 1.416 1.420 1.418 1.418 1.419 1.418 1.419 1.420 1.420 1.418 1.420 1.418 1.423 1.418 1.421 1.420 1.420 
Raw X readings: 1.447 1.445 1.447 1.447 1.447 1.447 1.446 1.447 1.446 1.442 1.446 1.445 1.447 1.447 1.447 1.447 1.450  || Raw Y readings: 1.419 1.418 1.416 1.421 1.419 1.419 1.418 1.421 1.424 1.416 1.419 1.419 1.420 1.420 1.420 1.421 1.418 
Raw X readings: 1.447 1.446 1.446 1.452 1.446 1.446 1.449 1.447 1.457 1.447 1.447 1.447 1.446 1.448 1.446 1.447 1.448  || Raw Y readings: 1.418 1.421 1.417 1.421 1.420 1.423 1.421 1.417 1.421 1.415 1.420 1.418 1.419 1.416 1.421 1.420 1.420 
Raw X readings: 1.446 1.446 1.447 1.445 1.446 1.452 1.448 1.447 1.446 1.446 1.445 1.447 1.446 1.443 1.442 1.447 1.450  || Raw Y readings: 1.418 1.418 1.417 1.415 1.416 1.418 1.415 1.417 1.419 1.417 1.420 1.415 1.418 1.415 1.418 1.417 1.418 
Raw X readings: 1.445 1.447 1.448 1.448 1.446 1.443 1.446 1.445 1.443 1.442 1.447 1.441 1.444 1.445 1.459 1.449 1.447  || Raw Y readings: 1.416 1.417 1.417 1.418 1.418 1.421 1.417 1.421 1.414 1.418 1.418 1.415 1.417 1.416 1.418 1.417 1.418 
Raw X readings: 1.447 1.446 1.445 1.447 1.446 1.442 1.445 1.447 1.447 1.446 1.445 1.447 1.447 1.446 1.446 1.447 1.447  || Raw Y readings: 1.418 1.422 1.419 1.417 1.418 1.418 1.416 1.416 1.417 1.416 1.418 1.414 1.415 1.415 1.417 1.413 1.416 
Raw X readings: 1.446 1.446 1.446 1.447 1.445 1.447 1.447 1.446 1.449 1.445 1.426 1.445 1.447 1.438 1.446 1.447 1.442  || Raw Y readings: 1.418 1.419 1.418 1.413 1.418 1.419 1.421 1.418 1.418 1.419 1.419 1.417 1.418 1.418 1.420 1.418 1.418 
Raw X readings: 1.447 1.447 1.447 1.444 1.449 1.446 1.447 1.441 1.447 1.443 1.438 1.442 1.446 1.445 1.446 1.443 1.444  || Raw Y readings: 1.416 1.420 1.419 1.427 1.418 1.417 1.422 1.414 1.418 1.420 1.419 1.418 1.421 1.416 1.420 1.426 1.420 
Raw X readings: 1.452 1.447 1.446 1.449 1.446 1.446 1.446 1.442 1.440 1.447 1.447 1.446 1.446 1.453 1.446 1.447 1.445  || Raw Y readings: 1.420 1.422 1.414 1.414 1.416 1.418 1.418 1.416 1.420 1.417 1.418 1.420 1.422 1.418 1.417 1.416 1.410 
Raw X readings: 1.446 1.442 1.445 1.442 1.446 1.442 1.442 1.446 1.445 1.453 1.442 1.446 1.447 1.451 1.447 1.445 1.446  || Raw Y readings: 1.414 1.415 1.418 1.417 1.418 1.414 1.417 1.417 1.418 1.417 1.419 1.416 1.417 1.418 1.417 1.426 1.416 
Raw X readings: 1.447 1.446 1.451 1.446 1.443 1.442 1.443 1.446 1.447 1.447 1.445 1.445 1.443 1.447 1.442 1.443 1.442  || Raw Y readings: 1.415 1.418 1.417 1.415 1.418 1.416 1.418 1.415 1.417 1.416 1.418 1.418 1.413 1.418 1.416 1.415 1.417 
Raw X readings: 1.452 1.455 1.446 1.445 1.445 1.448 1.446 1.446 1.447 1.443 1.447 1.441 1.446 1.446 1.441 1.443 1.446  || Raw Y readings: 1.418 1.416 1.418 1.416 1.418 1.417 1.417 1.417 1.414 1.417 1.413 1.414 1.417 1.419 1.417 1.422 1.409 
Raw X readings: 1.447 1.442 1.443 1.439 1.446 1.446 1.445 1.443 1.447 1.442 1.438 1.447 1.450 1.441 1.447 1.446 1.447  || Raw Y readings: 1.420 1.418 1.418 1.418 1.416 1.418 1.422 1.418 1.417 1.419 1.418 1.432 1.416 1.415 1.418 1.414 1.420 
Raw X readings: 1.440 1.447 1.442 1.445 1.447 1.434 1.447 1.446 1.446 1.447 1.447 1.447 1.440 1.445 1.447 1.442 1.443  || Raw Y readings: 1.417 1.416 1.418 1.418 1.412 1.420 1.415 1.419 1.422 1.418 1.420 1.420 1.419 1.420 1.421 1.418 1.418 
Raw X readings: 1.445 1.443 1.445 1.447 1.443 1.447 1.443 1.448 1.443 1.447 1.443 1.447 1.445 1.445 1.447 1.447 1.442  || Raw Y readings: 1.422 1.416 1.420 1.417 1.420 1.414 1.416 1.418 1.415 1.413 1.420 1.419 1.418 1.417 1.422 1.420 1.419 
Raw X readings: 1.447 1.445 1.446 1.446 1.442 1.446 1.446 1.445 1.443 1.446 1.446 1.447 1.447 1.447 1.445 1.445 1.445  || Raw Y readings: 1.418 1.416 1.420 1.416 1.418 1.416 1.419 1.413 1.414 1.418 1.418 1.416 1.416 1.416 1.415 1.416 1.419 
Raw X readings: 1.446 1.435 1.446 1.447 1.442 1.446 1.447 1.446 1.447 1.442 1.447 1.446 1.447 1.442 1.445 1.447 1.451  || Raw Y readings: 1.416 1.418 1.418 1.419 1.416 1.401 1.418 1.416 1.417 1.417 1.418 1.414 1.422 1.417 1.418 1.417 1.418 
Raw X readings: 1.448 1.446 1.446 1.447 1.453 1.445 1.452 1.447 1.447 1.446 1.447 1.446 1.447 1.445 1.438 1.445 1.446  || Raw Y readings: 1.415 1.417 1.417 1.416 1.417 1.417 1.417 1.412 1.418 1.415 1.421 1.417 1.417 1.420 1.417 1.422 1.416 
Raw X readings: 1.446 1.447 1.444 1.445 1.445 1.446 1.445 1.448 1.445 1.448 1.446 1.443 1.447 1.447 1.447 1.451 1.443  || Raw Y readings: 1.419 1.418 1.415 1.418 1.415 1.422 1.418 1.419 1.419 1.419 1.418 1.426 1.418 1.420 1.419 1.417 1.420 
Raw X readings: 1.446 1.448 1.445 1.442 1.447 1.445 1.445 1.442 1.446 1.444 1.447 1.447 1.446 1.447 1.447 1.449 1.446  || Raw Y readings: 1.418 1.398 1.418 1.416 1.418 1.419 1.416 1.417 1.418 1.418 1.420 1.424 1.421 1.418 1.418 1.413 1.416 
Raw X readings: 1.446 1.450 1.438 1.449 1.443 1.451 1.447 1.449 1.443 1.445 1.447 1.445 1.439 1.447 1.447 1.442 1.445  || Raw Y readings: 1.419 1.417 1.422 1.417 1.419 1.424 1.419 1.418 1.418 1.419 1.421 1.422 1.417 1.420 1.418 1.421 1.418 
Raw X readings: 1.445 1.448 1.446 1.447 1.442 1.447 1.445 1.449 1.446 1.446 1.447 1.449 1.448 1.450 1.446 1.446 1.446  || Raw Y readings: 1.414 1.418 1.418 1.414 1.416 1.418 1.418 1.420 1.416 1.414 1.421 1.416 1.420 1.418 1.417 1.418 1.421 
Raw X readings: 1.447 1.440 1.447 1.446 1.442 1.447 1.444 1.440 1.447 1.445 1.443 1.442 1.443 1.460 1.443 1.446 1.442  || Raw Y readings: 1.423 1.416 1.413 1.417 1.415 1.417 1.418 1.418 1.417 1.416 1.418 1.416 1.416 1.420 1.416 1.413 1.408 
Raw X readings: 1.443 1.448 1.447 1.446 1.446 1.446 1.442 1.446 1.447 1.446 1.451 1.447 1.442 1.447 1.443 1.446 1.447  || Raw Y readings: 1.416 1.415 1.418 1.408 1.417 1.419 1.412 1.422 1.417 1.418 1.417 1.417 1.418 1.413 1.417 1.414 1.417 
Raw X readings: 1.447 1.447 1.448 1.447 1.444 1.446 1.445 1.447 1.443 1.446 1.445 1.447 1.445 1.446 1.446 1.445 1.447  || Raw Y readings: 1.418 1.418 1.419 1.418 1.420 1.419 1.420 1.418 1.426 1.424 1.420 1.418 1.418 1.418 1.434 1.419 1.418 
Raw X readings: 1.447 1.445 1.446 1.447 1.447 1.440 1.446 1.447 1.442 1.445 1.448 1.446 1.449 1.446 1.448 1.449 1.447  || Raw Y readings: 1.418 1.418 1.419 1.419 1.418 1.419 1.419 1.418 1.416 1.418 1.419 1.418 1.417 1.414 1.423 1.418 1.418 
Raw X readings: 1.446 1.446 1.446 1.457 1.444 1.442 1.446 1.447 1.446 1.448 1.446 1.447 1.448 1.447 1.447 1.449 1.447  || Raw Y readings: 1.413 1.405 1.424 1.418 1.418 1.413 1.420 1.418 1.418 1.418 1.420 1.435 1.420 1.417 1.418 1.413 1.419 
Raw X readings: 1.446 1.447 1.447 1.450 1.442 1.447 1.448 1.447 1.445 1.446 1.445 1.445 1.446 1.447 1.446 1.446 1.459  || Raw Y readings: 1.421 1.411 1.418 1.416 1.418 1.416 1.418 1.416 1.418 1.416 1.409 1.416 1.420 1.418 1.418 1.428 1.416 
Raw X readings: 1.448 1.445 1.447 1.431 1.448 1.448 1.451 1.446 1.447 1.446 1.443 1.443 1.446 1.448 1.446 1.447 1.448  || Raw Y readings: 1.422 1.415 1.419 1.413 1.418 1.418 1.416 1.418 1.416 1.418 1.417 1.416 1.395 1.417 1.413 1.416 1.422 
Raw X readings: 1.446 1.447 1.446 1.445 1.450 1.447 1.446 1.447 1.447 1.446 1.442 1.447 1.447 1.447 1.448 1.446 1.445  || Raw Y readings: 1.420 1.416 1.418 1.417 1.417 1.418 1.411 1.415 1.416 1.418 1.417 1.416 1.418 1.418 1.418 1.417 1.422 
Raw X readings: 1.447 1.448 1.432 1.448 1.446 1.447 1.447 1.446 1.443 1.447 1.445 1.442 1.446 1.446 1.446 1.439 1.443  || Raw Y readings: 1.418 1.419 1.416 1.419 1.419 1.421 1.418 1.418 1.419 1.418 1.423 1.415 1.418 1.419 1.416 1.418 1.418 
Raw X readings: 1.447 1.447 1.446 1.446 1.447 1.447 1.449 1.448 1.446 1.447 1.446 1.447 1.442 1.445 1.447 1.439 1.447  || Raw Y readings: 1.418 1.419 1.421 1.420 1.418 1.419 1.419 1.417 1.414 1.420 1.420 1.418 1.419 1.418 1.403 1.419 1.420 
Raw X readings: 1.442 1.447 1.447 1.447 1.447 1.447 1.446 1.447 1.446 1.445 1.443 1.455 1.442 1.442 1.446 1.442 1.447  || Raw Y readings: 1.421 1.419 1.421 1.415 1.420 1.419 1.418 1.418 1.410 1.418 1.418 1.417 1.419 1.419 1.421 1.418 1.422 
Raw X readings: 1.447 1.443 1.447 1.452 1.449 1.446 1.447 1.455 1.442 1.446 1.450 1.446 1.443 1.449 1.443 1.446 1.447  || Raw Y readings: 1.418 1.419 1.418 1.419 1.416 1.418 1.416 1.416 1.418 1.418 1.416 1.418 1.419 1.417 1.417 1.416 1.420 
Raw X readings: 1.436 1.446 1.446 1.443 1.447 1.446 1.439 1.447 1.447 1.447 1.449 1.447 1.446 1.449 1.446 1.445 1.446  || Raw Y readings: 1.416 1.419 1.416 1.417 1.417 1.419 1.420 1.415 1.417 1.418 1.419 1.415 1.416 1.418 1.419 1.418 1.418 
Raw X readings: 1.447 1.443 1.445 1.445 1.449 1.447 1.447 1.434 1.446 1.445 1.452 1.446 1.445 1.446 1.445 1.447 1.446  || Raw Y readings: 1.416 1.416 1.417 1.418 1.417 1.418 1.413 1.418 1.417 1.416 1.415 1.418 1.418 1.418 1.418 1.417 1.421 
Raw X readings: 1.447 1.447 1.446 1.446 1.446 1.441 1.446 1.446 1.447 1.444 1.447 1.447 1.448 1.445 1.446 1.447 1.445  || Raw Y readings: 1.418 1.418 1.417 1.420 1.417 1.420 1.420 1.421 1.419 1.418 1.418 1.422 1.421 1.418 1.419 1.417 1.416 
Raw X readings: 1.446 1.447 1.442 1.447 1.439 1.442 1.445 1.441 1.447 1.443 1.447 1.446 1.440 1.447 1.447 1.443 1.446  || Raw Y readings: 1.418 1.416 1.418 1.418 1.418 1.421 1.420 1.420 1.417 1.418 1.420 1.422 1.421 1.418 1.416 1.417 1.418 
Raw X readings: 1.445 1.447 1.447 1.447 1.447 1.443 1.447 1.446 1.439 1.443 1.443 1.447 1.442 1.445 1.449 1.443 1.446  || Raw Y readings: 1.419 1.417 1.418 1.419 1.430 1.414 1.416 1.419 1.417 1.420 1.419 1.417 1.417 1.418 1.417 1.423 1.418 
Raw X readings: 1.443 1.446 1.443 1.448 1.446 1.446 1.451 1.446 1.442 1.445 1.443 1.442 1.443 1.447 1.445 1.448 1.441  || Raw Y readings: 1.417 1.417 1.418 1.416 1.418 1.418 1.418 1.418 1.417 1.419 1.422 1.415 1.418 1.418 1.416 1.416 1.423 
Raw X readings: 1.446 1.443 1.447 1.449 1.443 1.446 1.445 1.443 1.447 1.447 1.447 1.447 1.446 1.453 1.443 1.447 1.446  || Raw Y readings: 1.409 1.418 1.418 1.417 1.416 1.419 1.416 1.418 1.418 1.418 1.416 1.418 1.414 1.420 1.415 1.422 1.414 
Raw X readings: 1.447 1.443 1.445 1.445 1.447 1.443 1.443 1.440 1.447 1.443 1.439 1.445 1.446 1.446 1.443 1.447 1.447  || Raw Y readings: 1.417 1.417 1.421 1.415 1.417 1.416 1.420 1.418 1.414 1.417 1.414 1.416 1.418 1.416 1.418 1.413 1.414 
Raw X readings: 1.441 1.443 1.446 1.447 1.452 1.448 1.443 1.447 1.441 1.447 1.447 1.440 1.447 1.442 1.446 1.445 1.443  || Raw Y readings: 1.419 1.421 1.418 1.418 1.420 1.416 1.417 1.417 1.415 1.420 1.418 1.420 1.419 1.417 1.422 1.416 1.420 
Raw X readings: 1.447 1.446 1.446 1.448 1.446 1.438 1.446 1.443 1.440 1.446 1.446 1.447 1.447 1.445 1.449 1.447 1.442  || Raw Y readings: 1.416 1.419 1.418 1.424 1.419 1.413 1.418 1.419 1.415 1.417 1.417 1.418 1.418 1.418 1.419 1.419 1.419 
Raw X readings: 1.445 1.446 1.451 1.443 1.445 1.447 1.447 1.443 1.442 1.448 1.438 1.445 1.442 1.446 1.442 1.442 1.443  || Raw Y readings: 1.417 1.413 1.418 1.419 1.418 1.418 1.418 1.417 1.418 1.419 1.415 1.418 1.419 1.422 1.418 1.418 1.417 
Raw X readings: 1.443 1.445 1.447 1.448 1.446 1.442 1.464 1.446 1.445 1.447 1.448 1.443 1.443 1.447 1.446 1.438 1.447  || Raw Y readings: 1.418 1.418 1.435 1.418 1.415 1.416 1.416 1.418 1.418 1.414 1.417 1.416 1.419 1.417 1.405 1.416 1.417 
Raw X readings: 1.442 1.446 1.445 1.448 1.440 1.445 1.446 1.442 1.443 1.448 1.446 1.443 1.445 1.446 1.442 1.439 1.446  || Raw Y readings: 1.419 1.415 1.410 1.416 1.417 1.424 1.415 1.416 1.418 1.416 1.417 1.412 1.420 1.417 1.413 1.419 1.414 
Raw X readings: 1.461 1.446 1.446 1.447 1.450 1.447 1.442 1.454 1.445 1.439 1.444 1.447 1.442 1.442 1.443 1.445 1.447  || Raw Y readings: 1.414 1.418 1.415 1.411 1.416 1.420 1.416 1.414 1.416 1.413 1.419 1.418 1.418 1.414 1.417 1.417 1.415 
Raw X readings: 1.446 1.447 1.446 1.447 1.447 1.446 1.447 1.446 1.443 1.443 1.446 1.442 1.447 1.447 1.446 1.445 1.445  || Raw Y readings: 1.417 1.416 1.417 1.418 1.420 1.418 1.417 1.418 1.417 1.417 1.417 1.418 1.417 1.419 1.419 1.413 1.418 
Raw X readings: 1.443 1.443 1.442 1.445 1.442 1.447 1.447 1.445 1.441 1.447 1.447 1.446 1.443 1.445 1.446 1.443 1.441  || Raw Y readings: 1.415 1.420 1.419 1.420 1.418 1.415 1.415 1.420 1.416 1.419 1.417 1.418 1.420 1.418 1.418 1.418 1.418 
Raw X readings: 1.447 1.442 1.443 1.445 1.442 1.446 1.442 1.447 1.446 1.455 1.447 1.441 1.445 1.443 1.445 1.446 1.447  || Raw Y readings: 1.411 1.416 1.415 1.418 1.414 1.417 1.417 1.417 1.417 1.417 1.417 1.419 1.418 1.418 1.419 1.424 1.417 
Raw X readings: 1.439 1.445 1.446 1.446 1.446 1.446 1.438 1.446 1.447 1.447 1.443 1.448 1.447 1.446 1.447 1.438 1.447  || Raw Y readings: 1.417 1.414 1.416 1.418 1.414 1.405 1.414 1.406 1.419 1.417 1.416 1.414 1.413 1.414 1.421 1.421 1.416 
Raw X readings: 1.446 1.447 1.445 1.446 1.440 1.447 1.446 1.444 1.445 1.445 1.438 1.445 1.446 1.446 1.447 1.441 1.447  || Raw Y readings: 1.416 1.416 1.419 1.414 1.418 1.405 1.413 1.415 1.415 1.417 1.415 1.418 1.413 1.417 1.416 1.415 1.414 
Raw X readings: 1.445 1.447 1.446 1.442 1.446 1.445 1.445 1.442 1.445 1.445 1.445 1.445 1.447 1.445 1.446 1.445 1.446  || Raw Y readings: 1.413 1.415 1.414 1.417 1.418 1.399 1.415 1.416 1.417 1.416 1.418 1.411 1.417 1.421 1.412 1.418 1.414 
Raw X readings: 1.443 1.439 1.442 1.446 1.449 1.440 1.444 1.445 1.446 1.445 1.447 1.446 1.446 1.445 1.439 1.442 1.444  || Raw Y readings: 1.425 1.418 1.418 1.417 1.418 1.417 1.418 1.423 1.418 1.418 1.410 1.415 1.416 1.418 1.418 1.420 1.422 
Raw X readings: 1.443 1.446 1.445 1.446 1.442 1.447 1.446 1.444 1.437 1.446 1.442 1.448 1.443 1.445 1.442 1.442 1.447  || Raw Y readings: 1.418 1.414 1.416 1.419 1.416 1.417 1.415 1.418 1.413 1.417 1.417 1.418 1.417 1.414 1.413 1.414 1.417 
Raw X readings: 1.465 1.443 1.447 1.437 1.447 1.444 1.446 1.445 1.446 1.445 1.430 1.443 1.443 1.442 1.443 1.445 1.447  || Raw Y readings: 1.410 1.418 1.418 1.417 1.417 1.419 1.418 1.418 1.418 1.417 1.415 1.416 1.429 1.415 1.418 1.419 1.419 
Raw X readings: 1.443 1.447 1.427 1.446 1.445 1.443 1.442 1.448 1.443 1.447 1.443 1.443 1.448 1.445 1.445 1.438 1.445  || Raw Y readings: 1.417 1.420 1.410 1.419 1.417 1.413 1.420 1.415 1.416 1.418 1.421 1.416 1.417 1.416 1.416 1.414 1.417 
Raw X readings: 1.443 1.450 1.442 1.446 1.443 1.447 1.442 1.447 1.446 1.448 1.443 1.447 1.444 1.443 1.443 1.452 1.447  || Raw Y readings: 1.416 1.417 1.416 1.417 1.416 1.418 1.416 1.417 1.415 1.418 1.417 1.413 1.417 1.416 1.416 1.418 1.415 
Raw X readings: 1.441 1.446 1.450 1.447 1.447 1.445 1.443 1.448 1.445 1.447 1.447 1.446 1.443 1.443 1.444 1.446 1.446  || Raw Y readings: 1.417 1.417 1.415 1.415 1.416 1.416 1.418 1.418 1.415 1.415 1.417 1.419 1.417 1.417 1.414 1.412 1.418 
Raw X readings: 1.446 1.447 1.446 1.446 1.449 1.446 1.443 1.445 1.443 1.448 1.447 1.446 1.442 1.445 1.439 1.446 1.445  || Raw Y readings: 1.414 1.416 1.417 1.418 1.405 1.420 1.417 1.418 1.419 1.417 1.417 1.410 1.416 1.415 1.416 1.418 1.416 
Raw X readings: 1.443 1.445 1.440 1.446 1.447 1.446 1.445 1.445 1.449 1.445 1.446 1.446 1.446 1.446 1.447 1.447 1.445  || Raw Y readings: 1.418 1.422 1.418 1.417 1.419 1.412 1.422 1.418 1.419 1.416 1.419 1.418 1.416 1.413 1.418 1.418 1.420 
Raw X readings: 1.445 1.446 1.443 1.445 1.445 1.441 1.443 1.442 1.448 1.442 1.443 1.443 1.442 1.452 1.443 1.443 1.446  || Raw Y readings: 1.415 1.418 1.416 1.413 1.417 1.418 1.397 1.418 1.418 1.418 1.418 1.417 1.419 1.422 1.420 1.420 1.417 
Raw X readings: 1.446 1.446 1.442 1.444 1.441 1.442 1.446 1.446 1.446 1.438 1.445 1.443 1.446 1.442 1.446 1.447 1.445  || Raw Y readings: 1.418 1.415 1.418 1.418 1.417 1.417 1.415 1.417 1.413 1.417 1.417 1.417 1.417 1.418 1.413 1.420 1.417 
Raw X readings: 1.442 1.444 1.451 1.443 1.443 1.455 1.443 1.446 1.445 1.446 1.446 1.446 1.448 1.446 1.447 1.447 1.446  || Raw Y readings: 1.414 1.417 1.420 1.418 1.414 1.418 1.417 1.417 1.415 1.416 1.417 1.414 1.409 1.416 1.417 1.415 1.415 
Raw X readings: 1.446 1.446 1.445 1.447 1.446 1.446 1.445 1.447 1.447 1.447 1.447 1.451 1.445 1.444 1.447 1.442 1.443  || Raw Y readings: 1.416 1.422 1.415 1.417 1.413 1.417 1.418 1.421 1.418 1.414 1.419 1.415 1.418 1.417 1.415 1.418 1.413 
Raw X readings: 1.443 1.442 1.442 1.443 1.442 1.443 1.443 1.445 1.447 1.442 1.447 1.442 1.442 1.454 1.442 1.446 1.439  || Raw Y readings: 1.413 1.416 1.417 1.417 1.417 1.417 1.416 1.420 1.415 1.419 1.414 1.417 1.416 1.413 1.417 1.418 1.423 
Raw X readings: 1.445 1.447 1.443 1.445 1.446 1.446 1.441 1.449 1.446 1.445 1.447 1.442 1.446 1.443 1.442 1.445 1.445  || Raw Y readings: 1.417 1.418 1.416 1.420 1.422 1.415 1.416 1.418 1.418 1.418 1.418 1.417 1.416 1.415 1.412 1.417 1.411 
Raw X readings: 1.440 1.446 1.446 1.442 1.442 1.443 1.442 1.446 1.443 1.445 1.443 1.442 1.447 1.447 1.447 1.435 1.443  || Raw Y readings: 1.418 1.418 1.416 1.413 1.417 1.418 1.417 1.418 1.417 1.418 1.417 1.417 1.415 1.417 1.419 1.417 1.416 
Raw X readings: 1.445 1.446 1.443 1.446 1.442 1.445 1.445 1.446 1.446 1.444 1.443 1.443 1.440 1.442 1.446 1.446 1.446  || Raw Y readings: 1.417 1.400 1.417 1.415 1.415 1.419 1.415 1.414 1.417 1.417 1.413 1.413 1.416 1.419 1.418 1.415 1.417 
Raw X readings: 1.446 1.446 1.441 1.448 1.449 1.437 1.446 1.446 1.443 1.441 1.447 1.442 1.446 1.445 1.443 1.443 1.442  || Raw Y readings: 1.413 1.425 1.416 1.415 1.413 1.418 1.413 1.415 1.409 1.413 1.418 1.410 1.416 1.416 1.414 1.416 1.413 
Raw X readings: 1.446 1.443 1.447 1.445 1.447 1.443 1.449 1.442 1.445 1.442 1.445 1.446 1.447 1.446 1.442 1.440 1.448  || Raw Y readings: 1.417 1.415 1.415 1.417 1.416 1.417 1.417 1.415 1.408 1.415 1.417 1.414 1.418 1.415 1.416 1.415 1.417 
Raw X readings: 1.447 1.446 1.442 1.451 1.443 1.448 1.445 1.445 1.446 1.445 1.443 1.447 1.443 1.447 1.446 1.447 1.447  || Raw Y readings: 1.411 1.417 1.418 1.418 1.420 1.416 1.424 1.418 1.415 1.422 1.416 1.415 1.413 1.418 1.417 1.417 1.418 